1.591193660542722910e+03
1.591525568614585154e+03
1.591828233984911321e+03
1.592102435956629506e+03
1.592348953832668258e+03
1.592568566915955671e+03
1.592762054509420523e+03
1.592930195915990680e+03
1.593073770438594238e+03
1.593193557380159746e+03
1.593290336043616207e+03
1.593364885731890581e+03
1.593417985747912326e+03
1.593450415394608626e+03
1.593462953974908714e+03
1.593456380791740230e+03
1.593431475148032405e+03
1.593389016346712651e+03
1.593329783690709519e+03
1.593254556482951784e+03
1.593164114026366860e+03
1.593059235623883296e+03
1.592940700578429869e+03
1.592809288192934446e+03
1.592665777770325803e+03
1.592510948613531582e+03
1.592345580025480558e+03
1.592170451309100827e+03
1.591986341767320937e+03
1.591794030703068529e+03
1.591594297419272834e+03
1.591387921218861266e+03
1.591175681404762827e+03
1.590958357279905158e+03
1.590736728147217491e+03
1.590511573309627011e+03
1.590283672070062948e+03
1.590053803731452945e+03
1.589822747596725776e+03
1.589591282968809082e+03
1.589360189150632323e+03
1.589130245445122682e+03
1.588902231155208483e+03
1.588676925583818957e+03
1.588455108033881970e+03
1.588237557808325391e+03
1.588025054210077542e+03
1.587818376542067199e+03
1.587618304107222230e+03
1.587425616208471411e+03
1.587241092148743292e+03
1.587065511230965058e+03
1.586899652758065940e+03
1.586744296032973580e+03
1.586600220358616525e+03
1.586468205037923326e+03
1.586349029373822532e+03
1.586243472669241555e+03
1.586152314227109173e+03
1.586076333350353707e+03
1.586016309341903252e+03
1.585973021504686585e+03
1.585947249141631573e+03
1.585939771555666539e+03
1.585951368049720031e+03
1.585982817926720145e+03
1.586034900489595202e+03
1.586108357715473403e+03
1.586203671273711961e+03
1.586321211982697605e+03
1.586461350251205658e+03
1.586624456488013948e+03
1.586810901101897343e+03
1.587021054501632761e+03
1.587255287095995982e+03
1.587513969293764148e+03
1.587797471503711904e+03
1.588106164134617075e+03
1.588440417595254530e+03
1.588800602294401415e+03
1.589187088640833508e+03
1.589600247043327045e+03
1.590040447910658713e+03
1.590508061651603839e+03
1.591003458674939793e+03
1.591527009389442128e+03
1.592079084203886396e+03
1.592660053527050195e+03
1.593270287767708624e+03
1.593910157334638143e+03
1.594580032636615670e+03
1.595280284082416301e+03
1.596011282080817182e+03
1.596773397040594546e+03
1.597566999370523263e+03
1.598392459479381159e+03
1.599250147775944015e+03
1.600140434668987382e+03
1.601063690567288177e+03
1.602020285879621952e+03
1.603010511104080251e+03
1.604033905859243077e+03
1.605089598348520894e+03
1.606176712561283466e+03
1.607294372486901466e+03
1.608441702114744430e+03
1.609617825434182123e+03
1.610821866434584990e+03
1.612052949105322796e+03
1.613310197435765531e+03
1.614592735415283414e+03
1.615899687033246209e+03
1.617230176279024363e+03
1.618583327141987183e+03
1.619958263611505117e+03
1.621354109676948610e+03
1.622769989327686744e+03
1.624205026553089738e+03
1.625658345342528264e+03
1.627129069685372087e+03
1.628616323570990744e+03
1.630119230988754452e+03
1.631636915928033659e+03
1.633168502378197672e+03
1.634713114328616939e+03
1.636269875768661677e+03
1.637837910687701196e+03
1.639416343075105942e+03
1.641004296920246134e+03
1.642600896212491307e+03
1.644205264941212135e+03
1.645816527095777474e+03
1.647433806665558450e+03
1.649056199737208317e+03
1.650682439580717300e+03
1.652311005738457652e+03
1.653940372546465142e+03
1.655569014340774629e+03
1.657195405457421884e+03
1.658818020232440858e+03
1.660435333001867775e+03
1.662045818101737041e+03
1.663647949868083970e+03
1.665240202636944332e+03
1.666821050744352306e+03
1.668388968526344115e+03
1.669942430318953711e+03
1.671479910458216409e+03
1.672999883280168206e+03
1.674500823120843734e+03
1.675981204316277854e+03
1.677439501202505880e+03
1.678874188115563811e+03
1.680283739391485142e+03
1.681666629366306324e+03
1.683021332376061991e+03
1.684346322756787004e+03
1.685640074844517358e+03
1.686901062975287687e+03
1.688127761485132396e+03
1.689318644710087710e+03
1.690472186986188262e+03
1.691586862649469367e+03
1.692661146035966112e+03
1.693693511481713358e+03
1.694682433322746647e+03
1.695626427602331660e+03
1.696524792181212661e+03
1.697377519268286278e+03
1.698184625208575198e+03
1.698946126347103927e+03
1.699662039028895379e+03
1.700332379598973830e+03
1.700957164402362878e+03
1.701536409784086800e+03
1.702070132089168737e+03
1.702558347662632286e+03
1.703001072849501725e+03
1.703398323994801331e+03
1.703750117443553563e+03
1.704056469540782928e+03
1.704317396631512793e+03
1.704532915060767891e+03
1.704703041173571137e+03
1.704827791314946353e+03
1.704907181829917363e+03
1.704941229063507990e+03
1.704929949360741375e+03
1.704873359066643161e+03
1.704771474526235124e+03
1.704624312084541771e+03
1.704431888086586696e+03
1.704194218877394178e+03
1.703911320801987358e+03
1.703583210205390515e+03
1.703209903432626561e+03
1.702791416828720230e+03
1.702327766738694436e+03
1.701818969507574138e+03
1.701265055925279512e+03
1.700666472332539797e+03
1.700024132969201901e+03
1.699338977035892412e+03
1.698611943733242015e+03
1.697843972261877298e+03
1.697036001822427579e+03
1.696188971615521041e+03
1.695303820841786546e+03
1.694381488701852277e+03
1.693422914396346869e+03
1.692429037125898276e+03
1.691400796091135589e+03
1.690339130492686991e+03
1.689244979531180206e+03
1.688119282407245009e+03
1.686962978321509581e+03
1.685777006474601194e+03
1.684562306067149621e+03
1.683319816299783270e+03
1.682050476373129868e+03
1.680755225487817597e+03
1.679435002844476230e+03
1.678090747643733266e+03
1.676723399086217341e+03
1.675333896372556637e+03
1.673923178703380472e+03
1.672492185279316800e+03
1.671041855300993575e+03
1.669573127969039888e+03
1.668086942484083465e+03
1.666584238046754308e+03
1.665065953857679688e+03
1.663533026911034995e+03
1.661986286670903155e+03
1.660426408839192618e+03
1.658854057292603784e+03
1.657269895907838645e+03
1.655674588561598284e+03
1.654068799130583102e+03
1.652453191491495318e+03
1.650828429521035787e+03
1.649195177095905592e+03
1.647554098092805589e+03
1.645905856388437087e+03
1.644251115859501851e+03
1.642590540382700510e+03
1.640924793834733919e+03
1.639254540092303841e+03
1.637580443032111589e+03
1.635903166530858243e+03
1.634223374465244206e+03
1.632541730711971240e+03
1.630858899147740431e+03
1.629175543649253314e+03
1.627492328093210517e+03
1.625809916356314034e+03
1.624128972315263582e+03
1.622450159846761835e+03
1.620774142827509422e+03
1.619101585134206744e+03
1.617433150643556246e+03
1.615769503232258330e+03
1.614111306777014306e+03
1.612459225154525939e+03
1.610813922241493401e+03
1.609176061600969433e+03
1.607546276174615969e+03
1.605925143016568882e+03
1.604313233233259098e+03
1.602711117931116860e+03
1.601119368216572639e+03
1.599538555196058041e+03
1.597969249976002857e+03
1.596412023662838010e+03
1.594867447362994199e+03
1.593336092182902576e+03
1.591818529228992702e+03
1.590315329607696412e+03
1.588827064425443041e+03
1.587354304788664876e+03
1.585897621803790798e+03
1.584457586577253096e+03
1.583034770215481103e+03
1.581629743824906200e+03
1.580243078511958856e+03
1.578875345383069998e+03
1.577527115544670096e+03
1.576198960103189620e+03
1.574891450165059496e+03
1.573605156836710194e+03
1.572340651224571957e+03
1.571098504435076393e+03
1.569879287574653290e+03
1.568683571749734483e+03
1.567511928066749306e+03
1.566364927632129138e+03
1.565243141552304451e+03
1.564147140933705714e+03
1.563077497339088040e+03
1.562034905823941017e+03
1.561020351437779254e+03
1.560034860812660099e+03
1.559079460580638852e+03
1.558155177373773995e+03
1.557263037824121511e+03
1.556404068563737837e+03
1.555579296224680093e+03
1.554789747439005168e+03
1.554036448838769957e+03
1.553320427056030439e+03
1.552642708722844191e+03
1.552004320471267647e+03
1.551406288933357473e+03
1.550849640741170788e+03
1.550335402526764028e+03
1.549864600922193858e+03
1.549438262559517625e+03
1.549057414070791765e+03
1.548723082088072715e+03
1.548436293243417822e+03
1.548198074168883068e+03
1.548009451496526253e+03
1.547871451858403589e+03
1.547785101886571510e+03
1.547751428213086911e+03
1.547771457470007135e+03
1.547846216289388849e+03
1.547976731303288489e+03
1.548164029143762491e+03
1.548409136442868203e+03
1.548713079832662061e+03
1.549076885945201184e+03
1.549501581412542237e+03
1.549988192866741201e+03
1.550537746939855879e+03
1.551151270263942934e+03
1.551829789471058575e+03
1.552574331193259923e+03
1.553385922062604095e+03
1.554265588711146847e+03
1.555214357770945753e+03
1.556233255874057704e+03
1.557323309652538683e+03
1.558485545738445808e+03
1.559720990763836198e+03
1.561030671360766519e+03
1.562415614161292751e+03
1.563876845797472924e+03
1.565415392901362566e+03
1.567032282105019476e+03
1.568728540040499865e+03
1.570505193339860853e+03
1.572363268635158420e+03
1.574303792558450368e+03
1.576327791741792680e+03
1.578436292817242247e+03
1.580630322416856416e+03
1.582910907172691168e+03
1.585279073716804078e+03
1.587735848681251355e+03
1.590282258698089663e+03
1.592919330399375895e+03
1.595648090417167168e+03
1.598469565383519694e+03
1.601384781930490817e+03
