3.327141328910895535e+00
3.355189393734900882e+00
3.383179888914075839e+00
3.411082094379120910e+00
3.438865290060733937e+00
3.466498755889610983e+00
3.493951771796450778e+00
3.521193617711951163e+00
3.548193573566809977e+00
3.574920919291725063e+00
3.601344934817395593e+00
3.627434900074517188e+00
3.653160094993789908e+00
3.678489799505909819e+00
3.703393293541575648e+00
3.727839857031487014e+00
3.751798769906339093e+00
3.775239312096830169e+00
3.798130763533658527e+00
3.820442404147524229e+00
3.842143513869122007e+00
3.863203372629150145e+00
3.883591260358307817e+00
3.903276456987294196e+00
3.922228242446804014e+00
3.940415896667536444e+00
3.957808699580190215e+00
3.974375931115461835e+00
3.990086871204050478e+00
4.004910799776653541e+00
4.018816996763969307e+00
4.031774742096694730e+00
4.043753315705528095e+00
4.054721997521167687e+00
4.064650067474310013e+00
4.073506805495656025e+00
4.081261491515900452e+00
4.087883405465742470e+00
4.093341827275881251e+00
4.097606036877011526e+00
4.100645314199835134e+00
4.102428939175045919e+00
4.102926191733344830e+00
4.102106351805429263e+00
4.099938699321993951e+00
4.096392514213740732e+00
4.091437076411367890e+00
4.085041665845569270e+00
4.077175562447045820e+00
4.067808046146494938e+00
4.056908396874613132e+00
4.044445894562101351e+00
4.030389819139653440e+00
4.014709450537971236e+00
3.997374068687750803e+00
3.978352953519688207e+00
3.957615384964483951e+00
3.935130642952835878e+00
3.910868007415440939e+00
3.884796758282997420e+00
3.856886175486202273e+00
3.827105538955755559e+00
3.795424128622352899e+00
3.761811224416692578e+00
3.726236106269474213e+00
3.688668054111393424e+00
3.649076347873148496e+00
3.607442132031972282e+00
3.563829293663955511e+00
3.518336955432630031e+00
3.471064370202312954e+00
3.422110790837321392e+00
3.371575470201974234e+00
3.319557661160583262e+00
3.266156616577468252e+00
3.211471589316945874e+00
3.155601832243333238e+00
3.098646598220947457e+00
3.040705140114102090e+00
2.981876710787119134e+00
2.922260563104311260e+00
2.861955949929996468e+00
2.801062124128491870e+00
2.739678338564113247e+00
2.677903846101178154e+00
2.615837899604004146e+00
2.553579751936906561e+00
2.491228655964202510e+00
2.428883864550209104e+00
2.366644630559242568e+00
2.304610206855621346e+00
2.242879846303660774e+00
2.181552801767677519e+00
2.120728326111988249e+00
2.060505672200910521e+00
2.000984092898761890e+00
1.942262841069855472e+00
1.884441169578512598e+00
1.827618331289047715e+00
1.771893579065777713e+00
1.717358939917907446e+00
1.664038543219989119e+00
1.611919316483146236e+00
1.560987806167550174e+00
1.511230558733371199e+00
1.462634120640782243e+00
1.415185038349952462e+00
1.368869858321053901e+00
1.323675127014257047e+00
1.279587390889733944e+00
1.236593196407655304e+00
1.194679090028192281e+00
1.153831618211514920e+00
1.114037327417795931e+00
1.075282764107205580e+00
1.037554474739914578e+00
1.000839005776094748e+00
9.651229036759174651e-01
9.303927148995529972e-01
8.966349859071722772e-01
8.638362631589474594e-01
8.319830931150486997e-01
8.010620222356478193e-01
7.710595969809150851e-01
7.419623638110223185e-01
7.137568691861394532e-01
6.864296595664394207e-01
6.599672814120920439e-01
6.343562811832689219e-01
6.095832053401407657e-01
5.856346003428790636e-01
5.624970126516545266e-01
5.401569887266376435e-01
5.186010750280011239e-01
4.978158180159153456e-01
4.777877641505511308e-01
4.585034598920797455e-01
4.399494517006722338e-01
4.221122860364997509e-01
4.049785093597333407e-01
3.885346681305436589e-01
3.727673088091028042e-01
3.576629778555812100e-01
3.432082217301501426e-01
3.293895868929807014e-01
3.161936198042438195e-01
3.036068669241107076e-01
2.916158747127520212e-01
2.802071896303397480e-01
2.693673581370444881e-01
2.590829266930373964e-01
2.493404417584895449e-01
2.401264497935718945e-01
2.314274972584557388e-01
2.232301306133120666e-01
2.155208963183118387e-01
2.082863408336265432e-01
2.015130106194270299e-01
1.951874521358843151e-01
1.892962118431696650e-01
1.838258362014540404e-01
1.787628716709086518e-01
1.740938647117044047e-01
1.698053617840126206e-01
1.658839093480042604e-01
1.623160538638505068e-01
1.590883417917224041e-01
1.561873195917910795e-01
1.535995337242275216e-01
1.513115306492029410e-01
1.493098568268882431e-01
1.475810587174548050e-01
1.461116827810735597e-01
1.448882754779156068e-01
1.438973832681521292e-01
1.431255526119540877e-01
1.425593299694926930e-01
1.421852618009389335e-01
1.419898945664639922e-01
1.419597747262389131e-01
1.420814487404348236e-01
1.423414630692227956e-01
1.427263641727739285e-01
1.432226985112592943e-01
1.438170125448501036e-01
1.444958527337172338e-01
1.452457655380319790e-01
1.460532974179653554e-01
1.469049948336884626e-01
1.477874042453724002e-01
1.486870721131882400e-01
1.495905448973071095e-01
1.504843690579001081e-01
1.513550910551383077e-01
1.521892573491927525e-01
1.529734144002345697e-01
1.536941086684349700e-01
1.543378866139648586e-01
1.548912946969955018e-01
1.553411570238415196e-01
1.556822850250780266e-01
1.559184836451648348e-01
1.560540376010981778e-01
1.560932316098741501e-01
1.560403503884887633e-01
1.558996786539383339e-01
1.556755011232187902e-01
1.553721025133263656e-01
1.549937675412570992e-01
1.545447809240071968e-01
1.540294273785727253e-01
1.534519916219498348e-01
1.528167583711345923e-01
1.521280123431232034e-01
1.513900382549117629e-01
1.506071208234962822e-01
1.497835447658730779e-01
1.489235947990381337e-01
1.480315556399875443e-01
1.471117120057175709e-01
1.461683486132242249e-01
1.452057501795036287e-01
1.442282014215519603e-01
1.432399870563652311e-01
1.422453918009396467e-01
1.412487003722714407e-01
1.402541974873564856e-01
1.392661678631910704e-01
1.382888962167712621e-01
1.373266672650931552e-01
1.363837657251529556e-01
1.354644763139467301e-01
1.345730837484706566e-01
1.337138727457207188e-01
1.328911280226931224e-01
1.321091342963840454e-01
1.313721762837894991e-01
1.306845387019056615e-01
1.300505062677286827e-01
1.294743636982546298e-01
1.289603957104795973e-01
1.285128870213998464e-01
1.281361223480113332e-01
1.278343864073102076e-01
1.276119639162927033e-01
1.274731395919547761e-01
1.274221981512926871e-01
1.274634243113024756e-01
1.276011027889803473e-01
1.278395183013223135e-01
1.281829555653246355e-01
1.286356992979832414e-01
1.292020342162943924e-01
1.298862450372541555e-01
1.306926164778587085e-01
1.316254332551041184e-01
1.326889800859865076e-01
1.338875416875020541e-01
1.352254027766467415e-01
1.367068480704168310e-01
1.383361622858084172e-01
1.401176301398175394e-01
1.420555363494404033e-01
1.441541656316730757e-01
1.464178027035119012e-01
1.488507322819526135e-01
1.514572390839915850e-01
1.542416078266248269e-01
1.572081232268484619e-01
1.603610700016587232e-01
1.637047328680516500e-01
1.672433965430233649e-01
1.709813457435699902e-01
1.749228651866876760e-01
1.790722395893724894e-01
1.834337536686205805e-01
1.880116921414281272e-01
1.928103397247911410e-01
1.978339811357058275e-01
2.030869010911685590e-01
2.085733843081748751e-01
2.142977155037212589e-01
2.202641793948036109e-01
2.264770606984183587e-01
2.329406441315614307e-01
2.396592144112289491e-01
2.466370562544171752e-01
2.538784543781220093e-01
2.613876934993397683e-01
2.691690583350664356e-01
2.772268336022982171e-01
2.855653040180312074e-01
2.941887542992615012e-01
3.031014691629851376e-01
3.123077333261992106e-01
3.218118315058980938e-01
3.316180484190789368e-01
3.417306687827377232e-01
3.521539773138705476e-01
3.628922587294735602e-01
3.739497977465428002e-01
3.853308790820745844e-01
3.970397874530647853e-01
4.090808075765097196e-01
4.214582241694053155e-01
4.341763219487478898e-01
4.472393856315335370e-01
4.606516999347582408e-01
4.744175495754181515e-01
4.885412192705100853e-01
5.030269937370290823e-01
5.178791576919715700e-01
5.331019958523337543e-01
5.486997929351118408e-01
5.646768336573018132e-01
5.810374027358998772e-01
5.977857848879024605e-01
6.149262648303051026e-01
6.324631272801042314e-01
6.504006569542960525e-01
6.687431385698763275e-01
6.874948568438417063e-01
7.066600964931879503e-01
7.262431422349111543e-01
7.462482787860086342e-01
7.666797908634743752e-01
7.875419631843055823e-01
8.088390804654983501e-01
8.305754274240487733e-01
8.527552887769529466e-01
8.753829492412071867e-01
8.984626935338072551e-01
9.219988063717495796e-01
9.459955724720298109e-01
9.704572765516449318e-01
9.953882033275902597e-01
1.020792637516862778e+00
1.046674863836457137e+00
1.073039167003370986e+00
1.099889831734601309e+00
1.127231142747141091e+00
1.155067384757988203e+00
1.183402842484138517e+00
1.212241800642588574e+00
1.241588543950334245e+00
1.271447357124371180e+00
1.301822524881695919e+00
1.332718331939305001e+00
1.364139063014194297e+00
1.396089002823359460e+00
1.428572436083797026e+00
1.461593647512503091e+00
1.495156921826473528e+00
1.529266543742704876e+00
1.563926797978194561e+00
1.599141969249936013e+00
1.634916342274925549e+00
1.671254201770161041e+00
1.708159832452637250e+00
1.745637519039351382e+00
1.783691546247298643e+00
1.822326198793475349e+00
1.861545761394878262e+00
1.901354518768503254e+00
1.941756755631345754e+00
