3.745900432613844941e+02
3.757510806713555667e+02
3.768639762979237275e+02
3.779299761275344167e+02
3.789503261466322783e+02
3.799262723416617291e+02
3.808590606990676406e+02
3.817499372052949411e+02
3.826001478467883317e+02
3.834109386099925132e+02
3.841835554813524141e+02
3.849192444473126216e+02
3.856192514943180640e+02
3.862848226088131582e+02
3.869172037772431167e+02
3.875176409860524700e+02
3.880873802216862032e+02
3.886276674705886762e+02
3.891397487192048743e+02
3.896248699539796121e+02
3.900842771613577611e+02
3.905192163277836812e+02
3.909309334397025282e+02
3.913206744835590598e+02
3.916896854457977497e+02
3.920392123128635831e+02
3.923705010712012609e+02
3.926847977072556546e+02
3.929833482074712947e+02
3.932673985582932232e+02
3.935381947461660843e+02
3.937969827575345221e+02
3.940450085788435786e+02
3.942835181965377274e+02
3.945137575970617831e+02
3.947369727668607311e+02
3.949544096923792154e+02
3.951673143600619369e+02
3.953769327563537104e+02
3.955845108676992368e+02
3.957912946805435013e+02
3.959985301813310343e+02
3.962074633565066506e+02
3.964193401925152216e+02
3.966354066758013914e+02
3.968569087928099179e+02
3.970850925299857863e+02
3.973212038737735270e+02
3.975664888106178978e+02
3.978221933269637702e+02
3.980895634092559021e+02
3.983698450439390513e+02
3.986642842174579755e+02
3.989741269162574895e+02
3.993006191267822942e+02
3.996450068354770906e+02
4.000085360287868070e+02
4.003924526931560877e+02
4.007980028150297471e+02
4.012264323808525432e+02
4.016789873770692338e+02
4.021569137901246336e+02
4.026614576064634434e+02
4.031938648125303644e+02
4.037553813947704384e+02
4.043472533396281392e+02
4.049707266335482245e+02
4.056267209339093256e+02
4.063138800997726889e+02
4.070298788510655754e+02
4.077723883266008329e+02
4.085390796651912524e+02
4.093276240056496249e+02
4.101356924867885141e+02
4.109609562474209952e+02
4.118010864263596886e+02
4.126537541624176129e+02
4.135166305944073315e+02
4.143873868611416924e+02
4.152636941014335434e+02
4.161432234540956188e+02
4.170236460579408231e+02
4.179026330517815495e+02
4.187778555744309870e+02
4.196469847647018128e+02
4.205076917614069316e+02
4.213576477033588503e+02
4.221945237293705304e+02
4.230159909782547629e+02
4.238197205888242820e+02
4.246033836998919355e+02
4.253646514502705713e+02
4.261011949787727531e+02
4.268106854242114991e+02
4.274907939253994300e+02
4.281391916211495072e+02
4.287535496502743513e+02
4.293315391515866963e+02
4.298708312638996176e+02
4.303690971260256219e+02
4.308241732552503436e+02
4.312354501450936368e+02
4.316031697298055292e+02
4.319275826647668737e+02
4.322089396053580117e+02
4.324474912069598531e+02
4.326434881249527962e+02
4.327971810147176939e+02
4.329088205316351718e+02
4.329786573310855147e+02
4.330069420684495753e+02
4.329939253991080932e+02
4.329398579784415801e+02
4.328449904618304913e+02
4.327095735046555660e+02
4.325338577622976004e+02
4.323180938901368222e+02
4.320625325435543118e+02
4.317674243779303538e+02
4.314330200486457443e+02
4.310595702110809953e+02
4.306473255206168460e+02
4.301965366326338653e+02
4.297074542025126220e+02
4.291803288856338554e+02
4.286154113373779637e+02
4.280129522131257431e+02
4.273732021682578193e+02
4.266964118581547609e+02
4.259828319381973074e+02
4.252327130637659138e+02
4.244463058902412058e+02
4.236238610730039795e+02
4.227656292674348038e+02
4.218718611289140767e+02
4.209428073128227084e+02
4.199787184745411537e+02
4.189798452694500952e+02
4.179464383529300449e+02
4.168787483803619125e+02
4.157770260071259258e+02
4.146415218886029947e+02
4.134724866801735743e+02
4.122701710372185175e+02
4.110348256151181658e+02
4.097667010692533154e+02
4.084660480550045349e+02
4.071331172277524502e+02
4.057681592428777435e+02
4.043714247557608132e+02
4.029431644217825692e+02
4.014836288963234665e+02
3.999930688347641876e+02
3.984717348924852445e+02
3.969198777248674901e+02
3.953377479872913227e+02
3.937255963351374248e+02
3.920836734237864221e+02
3.904122299086190537e+02
3.887115164450157749e+02
3.869817836883572681e+02
3.852232822940241590e+02
3.834362629173970163e+02
3.816209762138565793e+02
3.797776728387834169e+02
3.779066034475580409e+02
3.760080795587409170e+02
3.740835535937353598e+02
3.721354912331759124e+02
3.701663933794438321e+02
3.681787609349210584e+02
3.661750948019893031e+02
3.641578958830301644e+02
3.621296650804251271e+02
3.600929032965562442e+02
3.580501114338048296e+02
3.560037903945528228e+02
3.539564410811815378e+02
3.519105643960731413e+02
3.498686612416090043e+02
3.478332325201708386e+02
3.458067791341402994e+02
3.437918019858990419e+02
3.417908019778288349e+02
3.398062800123113902e+02
3.378407369917279652e+02
3.358966738184608403e+02
3.339765913948913294e+02
3.320829906234011446e+02
3.302183724063720547e+02
3.283852376461856579e+02
3.265860872452234958e+02
3.248234221058674507e+02
3.230997431304991778e+02
3.214175512215002186e+02
3.197793472812523419e+02
3.181876322121371459e+02
3.166449069165363994e+02
3.151536722968317576e+02
3.137163774777110348e+02
3.123339820431690441e+02
3.110057683941450932e+02
3.097309294597236544e+02
3.085086581689893706e+02
3.073381474510269413e+02
3.062185902349206117e+02
3.051491794497551382e+02
3.041291080246149932e+02
3.031575688885847626e+02
3.022337549707490894e+02
3.013568592001924458e+02
3.005260745059995315e+02
2.997405938172547621e+02
2.989996100630426099e+02
2.983023161724478882e+02
2.976479050745548989e+02
2.970355696984484553e+02
2.964645029732129160e+02
2.959338978279329240e+02
2.954429471916929515e+02
2.949908439935777551e+02
2.945767811626716934e+02
2.941999516280594662e+02
2.938595483188255457e+02
2.935547641640546317e+02
2.932847920928310259e+02
2.930488250342395418e+02
2.928460559173645379e+02
2.926756776712907708e+02
2.925368832251025992e+02
2.924288655078847228e+02
2.923508174487217275e+02
2.923019319766980288e+02
2.922814020208983266e+02
2.922884205104070929e+02
2.923221803743089708e+02
2.923818745416884326e+02
2.924666959416301211e+02
2.925758375032184517e+02
2.927084921555381243e+02
2.928638528276736679e+02
2.930411124487095549e+02
2.932394639477305418e+02
2.934581002538209873e+02
2.936962142960655910e+02
2.939529990035487685e+02
2.942276473053552763e+02
2.945193521305694730e+02
2.948273064082760015e+02
2.951507030675595615e+02
2.954887350375045116e+02
2.958405952471954379e+02
2.962054766257169263e+02
2.965825721021536765e+02
2.969710746055900472e+02
2.973701770651106813e+02
2.977790724098001078e+02
2.981969535687429129e+02
2.986230134710237394e+02
2.990564450457270596e+02
2.994964412219374026e+02
2.999421949287393545e+02
3.003928990952174445e+02
3.008477466504563154e+02
3.013059305235406100e+02
3.017666465653018690e+02
3.022293758756757711e+02
3.026941201666758161e+02
3.031609365553005091e+02
3.036298821585486394e+02
3.041010140934188826e+02
3.045743894769099143e+02
3.050500654260203532e+02
3.055280990577491025e+02
3.060085474890946102e+02
3.064914678370556089e+02
3.069769172186308879e+02
3.074649527508191227e+02
3.079556315506189321e+02
3.084490107350290486e+02
3.089451474210479773e+02
3.094440987256746780e+02
3.099459217659077126e+02
3.104506736587457567e+02
3.109584115211874860e+02
3.114691924702316328e+02
3.119830736228768728e+02
3.125001120961219385e+02
3.130203650069653349e+02
3.135438894724059082e+02
3.140707426094423340e+02
3.146009815350732879e+02
3.151346633662973318e+02
3.156718452201133687e+02
3.162125842135199605e+02
3.167569374635157828e+02
3.173049620870995113e+02
3.178567152012698216e+02
3.184122535746473659e+02
3.189715396960197609e+02
3.195343146598693238e+02
3.201002878147210140e+02
3.206691685090997339e+02
3.212406660915302155e+02
3.218144899105374179e+02
3.223903493146462438e+02
3.229679536523815386e+02
3.235470122722680344e+02
3.241272345228307472e+02
3.247083297525945227e+02
3.252900073100840928e+02
3.258719765438243030e+02
3.264539468023403401e+02
3.270356274341566518e+02
3.276167277877984247e+02
3.281969572117903340e+02
3.287760250546573388e+02
3.293536406649242281e+02
3.299295133911159041e+02
3.305033525817572695e+02
3.310748675853731129e+02
3.316437677504883368e+02
3.322097624256277868e+02
3.327725609593163085e+02
3.333318727000788044e+02
3.338874069964401770e+02
3.344388731969251012e+02
3.349859806500586501e+02
3.355284387043656693e+02
3.360659567083708907e+02
3.365982440105992737e+02
3.371250099595756637e+02
3.376459639038247929e+02
3.381608151918717340e+02
3.386692731722413896e+02
3.391710471934583211e+02
3.396658466040476014e+02
3.401533807525341331e+02
3.406333589874427048e+02
3.411054906572979917e+02
3.415694851106252372e+02
3.420250516959490028e+02
3.424718997617943046e+02
3.429097386566859882e+02
3.433382777291487287e+02
3.437572263277076559e+02
3.441662938008875017e+02
3.445651894972132254e+02
3.449536227652095022e+02
3.453313029534014049e+02
3.456979394103136656e+02
3.460532414844711866e+02
3.463969185243987567e+02
3.467286798786213922e+02
3.470482348956638248e+02
3.473552929240509570e+02
3.476495633123075777e+02
3.479307554089587597e+02
3.481985785625291783e+02
3.484527421215437926e+02
3.486929554345272777e+02
3.489189278500047635e+02
3.491303687165009251e+02
3.493269873825408354e+02
3.495084931966491126e+02
