8.064761922473001832e+00
8.065242864893514607e+00
8.065713976330005863e+00
8.066176351636380915e+00
8.066631085666525536e+00
8.067079273274327278e+00
8.067522009313677245e+00
8.067960388638468316e+00
8.068395506102589820e+00
8.068828456559934637e+00
8.069260334864392092e+00
8.069692235869851515e+00
8.070125254430209338e+00
8.070560485399347783e+00
8.070999023631163283e+00
8.071441963979546941e+00
8.071890401298386308e+00
8.072345430441576042e+00
8.072808146263001916e+00
8.073279643616562140e+00
8.073761017356140712e+00
8.074253362335628736e+00
8.074757773408919093e+00
8.075275345429904661e+00
8.075807173252471216e+00
8.076354351730513415e+00
8.076917975717922360e+00
8.077499140068585604e+00
8.078098939636394249e+00
8.078718469275242953e+00
8.079358823839021042e+00
8.080021098181616068e+00
8.080706387156922688e+00
8.081415785618826675e+00
8.082150388421224463e+00
8.082911290418003603e+00
8.083699586463056974e+00
8.084516371410273905e+00
8.085362740113545499e+00
8.086239787426762859e+00
8.087148608203815314e+00
8.088090297298593967e+00
8.089065949564991698e+00
8.090076659856899610e+00
8.091123523028201703e+00
8.092207633932794408e+00
8.093330087424574160e+00
8.094491978357421402e+00
8.095694401585230793e+00
8.096938451961893435e+00
8.098225224341298656e+00
8.099555813577341112e+00
8.100931314523906579e+00
8.102352822034891489e+00
8.103821430964181616e+00
8.105338236165669841e+00
8.106904332493247267e+00
8.108520814800801446e+00
8.110188777942228811e+00
8.111909316771415135e+00
8.113683526142255076e+00
8.115512500908636184e+00
8.117397335924451340e+00
8.119339126043588095e+00
8.121338966119941105e+00
8.123397951007399698e+00
8.125517175559854977e+00
8.127698211818094265e+00
8.129945959694202529e+00
8.132266736260255868e+00
8.134666863824945082e+00
8.137152664696964521e+00
8.139730461185003207e+00
8.142406575597751939e+00
8.145187330243910395e+00
8.148079047432167599e+00
8.151088049471212571e+00
8.154220658669741439e+00
8.157483197336443226e+00
8.160881987780014057e+00
8.164423352309144732e+00
8.168113613232524273e+00
8.171959092858850582e+00
8.175966113496810905e+00
8.180140997455097818e+00
8.184490067042409223e+00
8.189019644567430589e+00
8.193736052338859821e+00
8.198645612665385940e+00
8.203754647855697968e+00
8.209069480218495585e+00
8.214596432062467812e+00
8.220341825696305449e+00
8.226311983428704622e+00
8.232513227568350800e+00
8.238951880423941887e+00
8.245634264304168681e+00
8.252566701517727310e+00
8.259755514373301466e+00
8.267207025179589053e+00
8.274925691074320966e+00
8.282898443145439771e+00
8.291102609764770648e+00
8.299515420945507316e+00
8.308114106700857704e+00
8.316875897044011978e+00
8.325778021988174515e+00
8.334797711546546140e+00
8.343912195732318793e+00
8.353098704558700405e+00
8.362334468038882918e+00
8.371596716186067155e+00
8.380862679013461047e+00
8.390109586534251207e+00
8.399314668761642011e+00
8.408455155708834283e+00
8.417508277389025295e+00
8.426451263815417647e+00
8.435261345001201505e+00
8.443915750959584798e+00
8.452391711703764798e+00
8.460666457246940553e+00
8.468717217602307556e+00
8.476521222783070186e+00
8.484055702802427490e+00
8.491297887673574962e+00
8.498225007409713427e+00
8.504814292024041933e+00
8.511042971529759527e+00
8.516888275940067032e+00
8.522327435268161722e+00
8.527337679527242642e+00
8.531896238730510618e+00
8.535981970364238336e+00
8.539594893809436371e+00
8.542749827538994367e+00
8.545461893694238142e+00
8.547746214416497068e+00
8.549617911847096963e+00
8.551092108127365421e+00
8.552183925398635367e+00
8.552908485802225513e+00
8.553280911479474113e+00
8.553316324571699880e+00
8.553029847220237514e+00
8.552436601566414609e+00
8.551551709751553432e+00
8.550390293916979800e+00
8.548967476204033744e+00
8.547298378754035753e+00
8.545398123708313420e+00
8.543281833208197895e+00
8.540964629395011443e+00
8.538461634410085210e+00
8.535787970394748569e+00
8.532958759490327338e+00
8.529989123838150888e+00
8.526894185579543262e+00
8.523689066855837382e+00
8.520388889808359068e+00
8.517008776578437690e+00
8.513563849307399067e+00
8.510069230136572571e+00
8.506540041207282243e+00
8.502991404660864561e+00
8.499438442638638236e+00
8.495896035146968117e+00
8.492374523282597565e+00
8.488880217043469401e+00
8.485419286303143238e+00
8.481997900935159151e+00
8.478622230813069649e+00
8.475298445810425463e+00
8.472032715800766667e+00
8.468831210657654651e+00
8.465700100254627714e+00
8.462645554465240139e+00
8.459673743163037329e+00
8.456790836221573571e+00
8.454003003514394265e+00
8.451316414915048369e+00
8.448737240297084838e+00
8.446271649534052628e+00
8.443925812499497141e+00
8.441705899066977992e+00
8.439618079110028148e+00
8.437668522502207225e+00
8.435863399117060624e+00
8.434208878828140854e+00
8.432711131508993319e+00
8.431376327033166973e+00
8.430210635274212549e+00
8.429220226105675451e+00
8.428411269401108186e+00
8.427789935034056157e+00
8.427362392878071873e+00
8.427134812806700737e+00
8.427113364693495257e+00
8.427304218412000836e+00
8.427713180681507765e+00
8.428335610999615923e+00
8.429155105571188855e+00
8.430154633070539916e+00
8.431317162171975355e+00
8.432625661549808527e+00
8.434063099878345682e+00
8.435612445831900175e+00
8.437256668084783584e+00
8.438978735311300383e+00
8.440761616185767480e+00
8.442588279382491123e+00
8.444441693575781116e+00
8.446304827439949037e+00
8.448160649649301135e+00
8.449992128878154318e+00
8.451782233800813060e+00
8.453513933091590715e+00
8.455170195424795310e+00
8.456733989474736646e+00
8.458188283915728078e+00
8.459516047422075857e+00
8.460700248668091561e+00
8.461723856328084992e+00
8.462569839076369504e+00
8.463221165587247796e+00
8.463660804535038551e+00
8.463871724594044466e+00
8.463836894438578895e+00
8.463539282742953418e+00
8.462961858181477837e+00
8.462087589428456624e+00
8.460899445158206689e+00
8.459380635255673297e+00
8.457526124855450078e+00
8.455347688458395794e+00
8.452858393303646523e+00
8.450071306630322354e+00
8.446999495677550485e+00
8.443656027684456333e+00
8.440053969890165320e+00
8.436206389533801087e+00
8.432126353854494383e+00
8.427826930091365298e+00
8.423321185483539253e+00
8.418622187270148771e+00
8.413743002690315720e+00
8.408696698983163742e+00
8.403496343387820033e+00
8.398155003143411790e+00
8.392685745489062654e+00
8.387101637663899822e+00
8.381415746907045161e+00
8.375641140457629419e+00
8.369790885554772686e+00
8.363878049437605711e+00
8.357915699345255689e+00
8.351916902516840935e+00
8.345894726191492197e+00
8.339862237608334894e+00
8.333832504006492670e+00
8.327818592625092720e+00
8.321833570703260463e+00
8.315890505480119543e+00
8.310002464194797156e+00
8.304182514086420497e+00
8.298443676481124243e+00
8.292794490236962801e+00
8.287235313197587772e+00
8.281765632560352586e+00
8.276384935522600017e+00
8.271092709281678168e+00
8.265888441034942247e+00
8.260771617979736803e+00
8.255741727313413492e+00
8.250798256233315087e+00
8.245940691936796796e+00
8.241168521621206722e+00
8.236481232483894743e+00
8.231878311722203634e+00
8.227359246533485049e+00
8.222923524115090643e+00
8.218570631664372073e+00
8.214300056378666781e+00
8.210111285455333530e+00
8.206003806091718644e+00
8.201977105485168451e+00
8.198030670833036382e+00
8.194163989332666986e+00
8.190376548181411920e+00
8.186667834576617508e+00
8.183037335715635407e+00
8.179484538795813720e+00
8.176008931014498771e+00
8.172609999569043993e+00
8.169287231656795711e+00
8.166040114475102030e+00
8.162868135221311050e+00
8.159770781092774428e+00
8.156747535973016383e+00
8.153796986942641212e+00
8.150915615148711879e+00
8.148099599766322143e+00
8.145345119970563985e+00
8.142648354936527610e+00
8.140005483839297895e+00
8.137412685853973926e+00
8.134866140155642356e+00
8.132362025919393389e+00
8.129896522320319008e+00
8.127465808533507641e+00
8.125066063734051269e+00
8.122693467097038322e+00
8.120344197797562558e+00
8.118014435010714180e+00
8.115700357911581619e+00
8.113398145675258633e+00
8.111103977476833649e+00
8.108814032491395096e+00
8.106524489894038510e+00
8.104231528859850542e+00
8.101931328563924950e+00
8.099620068181350163e+00
8.097293926887216386e+00
8.094949083856615601e+00
8.092581718264636237e+00
8.090188009286372051e+00
8.087764136096911471e+00
8.085306277871344705e+00
8.082810613784765508e+00
8.080273323012258757e+00
8.077690584728921763e+00
8.075058578109839402e+00
8.072373482330105432e+00
8.069631476564810058e+00
8.066828739989045260e+00
8.063961451777897693e+00
8.061025791106459337e+00
8.058017937149823950e+00
8.054934069083079962e+00
8.051770366081314023e+00
8.048523007319623446e+00
8.045188171973093105e+00
8.041762039216818536e+00
8.038240788225888167e+00
8.034620598175390427e+00
8.030897648240419073e+00
8.027068117596062535e+00
8.023128185417414571e+00
8.019074030879561832e+00
8.014901833157598077e+00
8.010607771426609958e+00
8.006188024861693009e+00
8.001638772637935659e+00
7.996956193930427226e+00
7.992136467914258802e+00
7.987175773764521480e+00
7.982070290656305467e+00
7.976816197764701855e+00
7.971409674264801737e+00
7.965846899331696207e+00
7.960124052140471029e+00
7.954237311866221738e+00
7.948182857684037650e+00
7.941956868769011635e+00
7.935555524296230345e+00
