6.662304680319268702e-01
6.656421989758186664e-01
6.650104157147147532e-01
6.643354838910933147e-01
6.636177691474323126e-01
6.628576371262105971e-01
6.620554534699059079e-01
6.612115838209970953e-01
6.603263938219620099e-01
6.594002491152796130e-01
6.584335153434277554e-01
6.574265581488848431e-01
6.563797431741293931e-01
6.552934360616394782e-01
6.541680024538933935e-01
6.530038079933698780e-01
6.518012183225467826e-01
6.505605990839027353e-01
6.492823159199160310e-01
6.479667344730647427e-01
6.466142203858272763e-01
6.452251393006822600e-01
6.437998568601077665e-01
6.423387387065818688e-01
6.408421504825834170e-01
6.393104578305905950e-01
6.377440263930815867e-01
6.361432218125347982e-01
6.345084097314286353e-01
6.328399557922409491e-01
6.311382256374509225e-01
6.294035849095360735e-01
6.276363992509751411e-01
6.258370343042463091e-01
6.240058557118279836e-01
6.221432291161986816e-01
6.202495201598362540e-01
6.183250944852193287e-01
6.163703177348260898e-01
6.143855555511350541e-01
6.123711735766244058e-01
6.103275374537725506e-01
6.082550128250577837e-01
6.061539653329583999e-01
6.040247606199528052e-01
6.018677643285191836e-01
5.996833421011361631e-01
5.974718595802815946e-01
5.952336824084342171e-01
5.929691762280721035e-01
5.906787066816737708e-01
5.883626394117174030e-01
5.860213400606811840e-01
5.836551742710437418e-01
5.812645076852833714e-01
5.788497059458782568e-01
5.764111346953069148e-01
5.739491595760474185e-01
5.714641462305783959e-01
5.689564603013779198e-01
5.664264674309242853e-01
5.638745332616958983e-01
5.613010234361712758e-01
5.587063035968284908e-01
5.560907393861459491e-01
5.534546964466021679e-01
5.507985404206749980e-01
5.481226369508432894e-01
5.454273516795848931e-01
5.427130502493786590e-01
5.399800983027022161e-01
5.372288614820346364e-01
5.344597054298537708e-01
5.316729957886382474e-01
5.288690982008660280e-01
5.260483783090156296e-01
5.232112017555656802e-01
5.203579341829939198e-01
5.174889412337791983e-01
5.146045885503995887e-01
5.117052417753332749e-01
5.087912665510585519e-01
5.058630285200541588e-01
5.029208933247983904e-01
4.999652266077693197e-01
4.969963940114451861e-01
4.940147611783046733e-01
4.910206937508257985e-01
4.880145573714870233e-01
4.849967176827665316e-01
4.819675403271428404e-01
4.789273909470942447e-01
4.758766351850989285e-01
4.728156386836353531e-01
4.697447670851819246e-01
4.666643860322166604e-01
4.635748611672181330e-01
4.604765581326645818e-01
4.573698425710345239e-01
4.542550801248058656e-01
4.511326364364570130e-01
4.480028771484666494e-01
4.448661679033131811e-01
4.417228743434744032e-01
4.385733621114289438e-01
4.354179968496552089e-01
4.322571442006313824e-01
4.290911698068357039e-01
4.259204393107466902e-01
4.227453183548424698e-01
4.195661725816016152e-01
4.163833676335023659e-01
4.131972691530226838e-01
4.100082427826414744e-01
4.068166541648368106e-01
4.036228689420869320e-01
4.004272527568703000e-01
3.972301712516653760e-01
3.940319900689498445e-01
3.908330748512028330e-01
3.876337912409021924e-01
3.844345048805263843e-01
3.812355814125537590e-01
3.780373864794626115e-01
3.748402857237311259e-01
3.716446447878377635e-01
3.684508293142609303e-01
3.652592049454789214e-01
3.620701373239699761e-01
3.588839920922124449e-01
3.557011348926846783e-01
3.525219313678649158e-01
3.493467471602316188e-01
3.461759479122630268e-01
3.430098992664375457e-01
3.398489668652334150e-01
3.366935163511289297e-01
3.335439133666024958e-01
3.304005235541324637e-01
3.272637125561971838e-01
3.241338460152746181e-01
3.210112895738436167e-01
3.178964088743821970e-01
3.147895695593688759e-01
3.116911372712817263e-01
3.086014776525993208e-01
3.055209563457998434e-01
3.024499389933617000e-01
2.993887912377629634e-01
2.963378787214823173e-01
2.932975670869980012e-01
2.902682219767883098e-01
2.872502090333313718e-01
2.842438938991057595e-01
2.812496422165897680e-01
2.782678196282615812e-01
2.752987917765996051e-01
2.723429243040821901e-01
2.694005828531877422e-01
2.664721330663944454e-01
2.635579405861805946e-01
2.606583710550247068e-01
2.577737901154048550e-01
2.549045634097995561e-01
2.520510565806871051e-01
2.492136352705457969e-01
2.463926651218539543e-01
2.435885117770899555e-01
2.408015408787320677e-01
2.380321180692586691e-01
2.352806089911479159e-01
2.325473792868783807e-01
2.298327945989282473e-01
2.271372205697758939e-01
2.244610228418996711e-01
2.218045670577777906e-01
2.191682188598886860e-01
2.165523438907106246e-01
2.139573077927219291e-01
2.113834762084009777e-01
2.088312147802260932e-01
2.063008891506754594e-01
2.037928649622276489e-01
2.013075078573607901e-01
1.988451834785532613e-01
1.964062574682833295e-01
1.939910954690295397e-01
1.916000631232699924e-01
1.892335260734830937e-01
1.868918499621472773e-01
1.845754004317405883e-01
1.822845431247416270e-01
1.800196436836284386e-01
1.777810677508797066e-01
1.755691809689735317e-01
1.733843489803882920e-01
1.712269374276022826e-01
1.690973119530938540e-01
1.669958381993413565e-01
1.649228818088230297e-01
1.628788084240172795e-01
1.608639836874024287e-01
1.588787732414567999e-01
1.569235427286586049e-01
1.549986577914864161e-01
1.531044840724182787e-01
1.512413872139327375e-01
1.494097328585080042e-01
1.476098866486223182e-01
1.458422142267541965e-01
1.441070812353819619e-01
1.424048533169838260e-01
1.407358961140380837e-01
1.391005752690231967e-01
1.374992564244174043e-01
1.359323052226990569e-01
1.344000873063464774e-01
1.329029683178379884e-01
1.314413138996519126e-01
1.300154896942666283e-01
1.286258613441603194e-01
1.272727944918115028e-01
1.259566547796983627e-01
1.246778078502992493e-01
1.234366193460925271e-01
1.222334549095565187e-01
1.210686801831695469e-01
1.199426608094098373e-01
1.188557624307559207e-01
1.178083506896859117e-01
1.168007912286782024e-01
1.158334496902112543e-01
1.149066917167632096e-01
1.140208829508124744e-01
1.131763890348373991e-01
1.123735756113162787e-01
1.116128083227274637e-01
1.108944528115491934e-01
1.102188747202599017e-01
1.095864396913378835e-01
1.089975133672613783e-01
1.084524613905088197e-01
1.079516494035585583e-01
1.074954430488888057e-01
1.070842079689779403e-01
1.067183098063042845e-01
1.063981142033461891e-01
1.061239868025818933e-01
1.058962932464898588e-01
1.057153991775482693e-01
1.055816702382355587e-01
1.054954720710300220e-01
1.054571703184099818e-01
1.054671306228537886e-01
1.055257186268397096e-01
1.056332999728460675e-01
1.057902403033512684e-01
1.059969052608336071e-01
1.062536604877714064e-01
1.065608716266429334e-01
1.069189043199265388e-01
1.073281242101005728e-01
1.077888969396433999e-01
1.083015881510333428e-01
1.088665634867486270e-01
1.094841885892676447e-01
1.101548291010687186e-01
1.108788506646301852e-01
1.116566189224303673e-01
1.124884995169475321e-01
1.133748580906601272e-01
1.143160602860463504e-01
1.153124717455845244e-01
1.163644581117531385e-01
1.174723850270303904e-01
1.186366181338946169e-01
1.198575230748241544e-01
1.211354654922973256e-01
1.224708110287924534e-01
1.238639253267879575e-01
1.253151740287619664e-01
1.268249227771929555e-01
1.283935372145592335e-01
1.300213829833390955e-01
1.317088257260108086e-01
1.334562310850528344e-01
1.352639647029434400e-01
1.371323922221608371e-01
1.390618792851835428e-01
1.410527915344897409e-01
1.431054946125578653e-01
1.452203541618661831e-01
1.473977358248930725e-01
1.496380052441167730e-01
1.519415280620156072e-01
1.543086699210680646e-01
1.567397964637521901e-01
1.592352733325465841e-01
1.617954661699292918e-01
1.644207406183789966e-01
1.671114623203737437e-01
1.698679969183918836e-01
1.726907100549119056e-01
1.755799673724119936e-01
1.785361345133705258e-01
1.815595771202657971e-01
1.846506608355761581e-01
1.878097513017799591e-01
1.910372141613554953e-01
1.943334150567813112e-01
1.976987196305353134e-01
2.011334935250959077e-01
2.046381023829416668e-01
2.082129118465507744e-01
2.118582875584015257e-01
2.155745951609722988e-01
2.193622002967414719e-01
2.232214686081873678e-01
2.271527657377881149e-01
2.311564573280222579e-01
2.352329090213680085e-01
2.393824864603037172e-01
2.436055552873077623e-01
2.479024811448583832e-01
2.522736296754342078e-01
2.567193665215130594e-01
2.612400573255735381e-01
2.658360677300939945e-01
2.705077633775526680e-01
2.752555099104278535e-01
2.800796729711980126e-01
2.849806182023413292e-01
2.899587112463363203e-01
2.950143177456611143e-01
3.001478033427941172e-01
3.053595336802136240e-01
3.106498744003980406e-01
3.160191911458256619e-01
3.214678495589747276e-01
3.269962152823239210e-01
3.326046539583510375e-01
3.382935312295346497e-01
3.440632127383529415e-01
3.499140641272845409e-01
3.558464510388075208e-01
3.618607391154003428e-01
3.679572939995412462e-01
3.741364813337085260e-01
3.803986667603806437e-01
3.867442159220358944e-01
3.931734944611524618e-01
3.996868680202088076e-01
4.062847022416832821e-01
4.129673627680540138e-01
4.197352152418000193e-01
4.265886253053985944e-01
4.335279586013285891e-01
4.405535807720681318e-01
4.476658574600959062e-01
4.548651543078899295e-01
4.621518369579286634e-01
4.695262710526904026e-01
4.769888222346533868e-01
4.845398561462960219e-01
4.921797384300968248e-01
