1.271532936745368048e+01
1.272090330807260194e+01
1.272604585933479449e+01
1.273075990311964922e+01
1.273504832130656439e+01
1.273891399577493821e+01
1.274235980840416538e+01
1.274538864107363878e+01
1.274800337566275665e+01
1.275020689405092256e+01
1.275200207811752762e+01
1.275339180974196651e+01
1.275437897080364102e+01
1.275496644318193873e+01
1.275515710875626496e+01
1.275495384940600729e+01
1.275435954701057106e+01
1.275337708344934917e+01
1.275200934060173630e+01
1.275025920034713067e+01
1.274812954456492875e+01
1.274562325513452343e+01
1.274274321393531473e+01
1.273949230284669376e+01
1.273587340374806942e+01
1.273188939851883106e+01
1.272754316903836624e+01
1.272283759718608920e+01
1.271777556484138039e+01
1.271235995388364159e+01
1.270659364619227283e+01
1.270047952364666699e+01
1.269402046812622231e+01
1.268721936151033169e+01
1.268007908567839337e+01
1.267260252250980734e+01
1.266479255388396652e+01
1.265665206168026735e+01
1.264818392777810629e+01
1.263939103405687625e+01
1.263027626239598078e+01
1.262084249467481456e+01
1.261109261277276694e+01
1.260102949856924504e+01
1.259065603394364175e+01
1.257997510077534642e+01
1.256898958094376262e+01
1.255770235632828857e+01
1.254611630880831186e+01
1.253423432026323425e+01
1.252205927257245577e+01
1.250959404761536753e+01
1.249684152727135888e+01
1.248380459341984050e+01
1.247048612794020706e+01
1.245688901271184612e+01
1.244301612961416303e+01
1.242887036052654892e+01
1.241445458732840201e+01
1.239977169189911876e+01
1.238482455611809030e+01
1.236961606186472373e+01
1.235414909101840486e+01
1.233842652545853724e+01
1.232245124706451378e+01
1.230622613771573448e+01
1.228975407929158514e+01
1.227303795367147643e+01
1.225608064273479769e+01
1.223888502836094183e+01
1.222145399242931241e+01
1.220379041681930410e+01
1.218589718341030981e+01
1.216777717408172599e+01
1.214943327071295798e+01
1.213086835518338980e+01
1.211208530937242323e+01
1.209308701515945828e+01
1.207387635442388962e+01
1.205445620904511195e+01
1.203482946090251637e+01
1.201499899187550291e+01
1.199496768384347156e+01
1.197473841868582056e+01
1.195431407828194459e+01
1.193369754451123121e+01
1.191289169925308933e+01
1.189189942438690828e+01
1.187072360179208452e+01
1.184936711334801807e+01
1.182783284093410536e+01
1.180612366642973576e+01
1.178424247171431105e+01
1.176219213866722946e+01
1.173997554916788566e+01
1.171759558509567078e+01
1.169505512832999372e+01
1.167235706075023494e+01
1.164950426423580332e+01
1.162649962066609177e+01
1.160334601192048609e+01
1.158004631987840050e+01
1.155660342641922078e+01
1.153302021342234873e+01
1.150929956276717903e+01
1.148544435633310634e+01
1.146145747599952536e+01
1.143734180364583608e+01
1.141310022115143141e+01
1.138873561039571314e+01
1.136425085325807416e+01
1.133964883161790738e+01
1.131493242735461280e+01
1.129010452234759221e+01
1.126516799847623496e+01
1.124012573761993750e+01
1.121498062165810339e+01
1.118973553247012198e+01
1.116439335193538795e+01
1.113895696193330664e+01
1.111342924434326562e+01
1.108781308104466312e+01
1.106211135391689915e+01
1.103632694483936838e+01
1.101046273569146550e+01
1.098452160835258873e+01
1.095850644470213453e+01
1.093242012661949936e+01
1.090626553598407966e+01
1.088004555467526835e+01
1.085376306457246898e+01
1.082742094755506912e+01
1.080102208550247589e+01
1.077456936029407508e+01
1.074806565380927204e+01
1.072151384792745255e+01
1.069491682452802195e+01
1.066827746549037492e+01
1.064159865269390615e+01
1.061488326801801563e+01
1.058813419334209271e+01
1.056135431054553742e+01
1.053454650150774974e+01
1.050771364810812258e+01
1.048085863222605241e+01
1.045398433574093744e+01
1.042709364053217413e+01
1.040018942847915362e+01
1.037327458146127590e+01
1.034635198135794099e+01
1.031942451004853822e+01
1.029249504941247295e+01
1.026556648132912919e+01
1.023864168767791583e+01
1.021172355033822576e+01
1.018481495118945013e+01
1.015791877211098893e+01
1.013103789498224039e+01
1.010417520168259742e+01
1.007733357409145825e+01
1.005051589408821933e+01
1.002372504355227711e+01
9.996963904363026288e+00
9.970235358399865078e+00
9.943542287542189939e+00
9.916887573669395550e+00
9.890274098660881918e+00
9.863704744396041946e+00
9.837182392754270310e+00
9.810709925614970572e+00
9.784290224857533858e+00
9.757926172361356620e+00
9.731620650005835316e+00
9.705376539670369951e+00
9.679196723234351651e+00
9.653084082577182201e+00
9.627041499578254502e+00
9.601071856116963232e+00
9.575178034072710176e+00
9.549362915324886458e+00
9.523629381752892087e+00
9.497980315236123516e+00
9.472418597653975425e+00
9.446947110885842491e+00
9.421568736811122946e+00
9.396286357309215020e+00
9.371102854259513393e+00
9.346021109541414518e+00
9.321044005034314850e+00
9.296174422617610844e+00
9.271415244170700731e+00
9.246769351572975637e+00
9.222239626703839122e+00
9.197828951442682310e+00
9.173540207668903435e+00
9.149376277261898949e+00
9.125340042101065308e+00
9.101434384065797190e+00
9.077662185035494602e+00
9.054026326889550447e+00
9.030529691507362955e+00
9.007175160768328581e+00
8.983965616551842004e+00
8.960903940737301454e+00
8.937993015204101610e+00
8.915235721831642479e+00
8.892634942499316963e+00
8.870193559086523294e+00
8.847914453472652596e+00
8.825800507537108430e+00
8.803854603159285475e+00
8.782079622218578407e+00
8.760478446594383684e+00
8.739053958166101310e+00
8.717809038813122413e+00
8.696746570414848776e+00
8.675869434850671524e+00
8.655180513999987113e+00
8.634682689742197326e+00
8.614378843956693288e+00
8.594271858522876784e+00
8.574364615320138938e+00
8.554659996227877983e+00
8.535160883125492148e+00
8.515870157892374337e+00
8.496790702407924556e+00
8.477925398551535707e+00
8.459277128202607798e+00
8.440848773240533731e+00
8.422643215544713513e+00
8.404663336994538270e+00
8.386912019469411561e+00
8.369392144848724513e+00
8.352106595011875356e+00
8.335058251838260546e+00
8.318249997207274760e+00
8.301684712998318005e+00
8.285365281090783185e+00
8.269294583364068529e+00
8.253475501697568717e+00
8.237910917970681979e+00
8.222603714062804769e+00
8.207556771853331767e+00
8.192772973221661204e+00
8.178255200047189533e+00
8.164006334209311433e+00
8.150029257587423359e+00
8.136326852060923542e+00
8.122901999509206661e+00
8.109757581811670946e+00
8.096896480847709299e+00
8.084321578496721727e+00
8.072035756638106463e+00
8.060041897151252854e+00
8.048342881915562685e+00
8.036941592810432411e+00
8.025840911715254933e+00
8.015043720509432035e+00
8.004552901072354842e+00
7.994371335283421587e+00
7.984501905022028723e+00
7.974947492167572705e+00
7.965710978599451764e+00
7.956795246197058802e+00
7.948203176839792050e+00
7.939937652407049740e+00
7.932001554778224772e+00
7.924397765832715379e+00
7.917129167449919791e+00
7.910198641509229134e+00
7.903609069890045191e+00
7.897363334471762641e+00
7.891464317133776163e+00
7.885914899755483987e+00
7.880717964216282567e+00
7.875876392395566583e+00
7.871393066172736042e+00
7.867270867427182068e+00
7.863512678038305559e+00
7.860121379885500303e+00
7.857099854848164533e+00
7.854450984805692926e+00
7.852177651637485489e+00
7.850282737222933349e+00
7.848769123441435624e+00
7.847639692172391435e+00
7.846897325295191905e+00
7.846544904689236155e+00
7.846585312233919751e+00
7.847021429808640036e+00
7.847856139292793465e+00
7.849092322565776492e+00
7.850732861506984683e+00
7.852780637995814494e+00
7.855238533911662380e+00
7.858109431133924794e+00
7.861396211541999079e+00
7.865101757015281692e+00
7.869228949433167308e+00
7.873780670675054161e+00
7.878759802620336927e+00
7.884169227148412951e+00
7.890011826138678686e+00
7.896290481470531475e+00
7.903008075023365109e+00
7.910167488676579595e+00
7.917771604309567834e+00
7.925823303801726283e+00
7.934325469032454947e+00
7.943280981881150282e+00
7.952692724227204302e+00
7.962563577950012572e+00
7.972896424928979542e+00
7.983694147043493672e+00
7.994959626172954081e+00
8.006695744196758113e+00
8.018905382994301334e+00
8.031591424444981087e+00
8.044756750428192049e+00
8.058404242823332453e+00
8.072536783509795200e+00
8.087157254366982073e+00
8.102268537274284199e+00
8.117873514111103361e+00
8.133975066756830685e+00
8.150576077090866178e+00
8.167679426992604519e+00
8.185287998341442162e+00
8.203404673016777338e+00
8.222032332898004725e+00
8.241173859864520779e+00
8.260832135795721953e+00
8.281010042571006480e+00
8.301710462069767260e+00
8.322936276171402525e+00
8.344690366755308730e+00
8.366975615700884106e+00
8.389794904887523330e+00
8.413151116194622858e+00
8.437047131501579145e+00
8.461485832687786868e+00
8.486470101632644258e+00
8.512002820215545995e+00
8.538086870315893862e+00
8.564725133813078983e+00
8.591920492586497815e+00
8.619675828515550364e+00
8.647994023479629533e+00
8.676877959358129999e+00
8.706330518030457100e+00
8.736354581375998407e+00
8.766953031274152153e+00
8.798128749604316567e+00
8.829884618245886330e+00
8.862223519078263223e+00
8.895148333980836597e+00
8.928661944833004682e+00
8.962767233514163934e+00
8.997467081903712582e+00
9.032764371881045307e+00
9.068661985325558561e+00
9.105162804116652353e+00
9.142269710133717808e+00
9.179985585256153158e+00
9.218313311363358409e+00
