  10   365    98    34
 B_NUT_NH4 B_NUT_NO2 B_NUT_NO3 B_NUT_PO4 B_NUT_Si B_C_DIC B_C_Alk B_Ca_CaCO3 B_BIO_Phy B_BIO_Het B_BIO_PON B_BIO_DON B_BIO_O2 B_Mn_Mn2 B_Mn_Mn3 B_Mn_Mn4 B_Mn_MnS B_Mn_MnCO3 B_Fe_Fe2 B_Fe_Fe3 B_Fe_FeS B_Fe_FeCO3 B_Fe_FeS2 B_Fe_Fe3PO42 B_S_H2S B_S_S0 B_S_S2O3 B_S_SO4 B_CH4_CH4 B_BACT_Baae B_BACT_Bhae B_BACT_Baan B_BACT_Bhan B_Si_Sipart
 i  k Depth  t   s   Kz  hz Vol                                   
    1    1   1.0000     2.952600479     7.321600914     0.000072201     1.000000000     1.000000000      0.006397439      0.000641058      1.941756756      0.492179738      9.218313311   1601.076703788   1601.384781930      0.000000000      0.000029316      0.002017518      0.000095545      1.107207066    349.508493197      0.000087392      0.000063837      0.002000000      0.004490712      0.000000000      0.000000000      0.000500000      0.000000000      0.000000000      0.000000000      0.000000000      0.000000013      0.000000252      0.000000246  20000.000000000      0.000000000      0.000009703      0.000000000      0.000000000      0.000000000      0.000015308
    1    2   2.0000     2.952675104     7.321604252     0.000072201     1.000000000     1.000000000      0.006450882      0.000646026      2.300346869      0.538170501      9.807452757   1603.731084860   1599.465202774      0.000000000      0.000029545      0.002070620      0.000126722      1.106863345    343.940438624      0.000087709      0.000064144      0.002000632      0.004491060      0.000000000      0.000000000      0.000500000      0.000000000      0.000000000      0.000000000      0.000000000      0.000000013      0.000000248      0.000000243  19998.558424327      0.000000000      0.000010309      0.000000000      0.000000000      0.000000000      0.000022365
    1    3   3.0000     2.953504324     7.321641922     0.000072369     1.000000000     1.000000000      0.006530204      0.000653729      2.655863701      0.584124106     10.397260059   1606.581459540   1597.661593106      0.000000000      0.000029168      0.002134863      0.000150750      1.106171906    338.428045074      0.000088345      0.000064758      0.002001277      0.004491754      0.000000000      0.000000000      0.000500000      0.000000000      0.000000000      0.000000000      0.000000000      0.000000013      0.000000242      0.000000239  19997.120084605      0.000000000      0.000010929      0.000000000      0.000000000      0.000000000      0.000029430
    1    4   4.0000     2.954333544     7.321680069     0.000072411     1.000000000     1.000000000      0.006622050      0.000662801      3.010077988      0.630368324     10.990558956   1609.654856432   1596.058627677      0.000000000      0.000028283      0.002205188      0.000170382      1.105130880    332.972579665      0.000089305      0.000065684      0.002001932      0.004492795      0.000000000      0.000000000      0.000500000      0.000000000      0.000000000      0.000000000      0.000000000      0.000000013      0.000000236      0.000000234  19995.682388925      0.000000000      0.000011566      0.000000001      0.000000000      0.000000000      0.000036463
    1    5   5.0000     2.955162764     7.321717739     0.000072341     1.000000000     1.000000000      0.006719977      0.000672545      3.364288842      0.677150326     11.589689334   1612.953563035   1594.715758281      0.000000000      0.000026986      0.002278459      0.000186969      1.103738823    327.575074766      0.000090597      0.000066932      0.002002602      0.004494186      0.000000000      0.000000000      0.000500000      0.000000000      0.000000000      0.000000000      0.000000000      0.000000013      0.000000231      0.000000229  19994.243091731      0.000000000      0.000012222      0.000000001      0.000000000      0.000000000      0.000043406
    1    6   6.0000     2.955992222     7.321755409     0.000072355     1.000000000     1.000000000      0.006820534      0.000682583      3.718415483      0.724511592     12.194943969   1616.461828326   1593.667613464      0.000000000      0.000025373      0.002352432      0.000201292      1.101998997    322.249508812      0.000092231      0.000068511      0.002003290      0.004495924      0.000000000      0.000000000      0.000500000      0.000000000      0.000000000      0.000000000      0.000000000      0.000000014      0.000000226      0.000000223  19992.803945873      0.000000000      0.000012895      0.000000001      0.000000000      0.000000000      0.000050205
    1    7   7.0000     2.956518173     7.321813583     0.000072524     1.000000000     1.000000000      0.006921686      0.000692699      4.071680938      0.772376735     12.805631405   1620.154395205   1592.923608577      0.000000000      0.000023541      0.002425427      0.000213832      1.099919332    317.012950214      0.000094217      0.000070428      0.002003999      0.004498006      0.000000000      0.000000000      0.000500000      0.000000000      0.000000000      0.000000000      0.000000000      0.000000014      0.000000220      0.000000218  19991.368161972      0.000000000      0.000013583      0.000000001      0.000000000      0.000000000      0.000056818
    1    8   8.0000     2.957020998     7.321873188     0.000072552     1.000000000     1.000000000      0.007022810      0.000702820      4.424523306      0.820818621     13.423297057   1624.018968730   1592.472232529      0.000000000      0.000021570      0.002496480      0.000224943      1.097500984    311.859316944      0.000096574      0.000072702      0.002004732      0.004500437      0.000000000      0.000000000      0.000500001      0.000000000      0.000000000      0.000000000      0.000000000      0.000000014      0.000000215      0.000000213  19989.933076526      0.000000000      0.000014288      0.000000001      0.000000000      0.000000000      0.000063233
    1    9   9.0000     2.957524061     7.321932793     0.000072510     1.000000000     1.000000000      0.007123529      0.000712904      4.776915570      0.869840542     14.048782268   1628.040597127   1592.294521372      0.000000000      0.000019534      0.002564834      0.000234873      1.094747010    306.786852515      0.000099323      0.000075354      0.002005494      0.004503218      0.000000000      0.000000000      0.000500001      0.000000000      0.000000000      0.000000000      0.000000000      0.000000014      0.000000211      0.000000208  19988.497413347      0.000000000      0.000015009      0.000000001      0.000000000      0.000000000      0.000069450
    1   10  10.0000     2.958026886     7.321992397     0.000072524     1.000000000     1.000000000      0.007223445      0.000722909      5.128174940      0.919350901     14.681786541   1632.198633650   1592.368617929      0.000000000      0.000017495      0.002629813      0.000243794      1.091666097    301.802029161      0.000102486      0.000078405      0.002006288      0.004506350      0.000000000      0.000000000      0.000500001      0.000000000      0.000000000      0.000000000      0.000000000      0.000000015      0.000000206      0.000000203  19987.062386106      0.000000000      0.000015746      0.000000001      0.000000000      0.000000000      0.000075473
    1   11  11.0000     2.958484888     7.322071075     0.000072637     1.000000000     1.000000000      0.007322181      0.000732798      5.477431335      0.969227866     15.321616652   1636.471149884   1592.671791131      0.000000000      0.000015509      0.002690864      0.000251830      1.088270777    296.913366281      0.000106086      0.000081876      0.002007120      0.004509829      0.000000000      0.000000000      0.000500001      0.000000000      0.000000000      0.000000000      0.000000000      0.000000015      0.000000202      0.000000198  19985.629995669      0.000000000      0.000016498      0.000000001      0.000000000      0.000000000      0.000081310
    1   12  12.0000     2.958911180     7.322163582     0.000072723     1.000000000     1.000000000      0.007419616      0.000742558      5.824472630      1.019441246     15.968714448   1640.845080358   1593.182756673      0.000000000      0.000013615      0.002747664      0.000259085      1.084569254    292.120013853      0.000110155      0.000085796      0.002007993      0.004513657      0.000000000      0.000000000      0.000500001      0.000000000      0.000000000      0.000000000      0.000000000      0.000000015      0.000000197      0.000000194  19984.199650554      0.000000000      0.000017263      0.000000001      0.000000000      0.000000000      0.000086981
    1   13  13.0000     2.959337234     7.322256088     0.000072751     1.000000000     1.000000000      0.007515712      0.000752185      6.169264038      1.069987174     16.623822848   1645.310748517   1593.882573532      0.000000000      0.000011840      0.002800003      0.000265643      1.080568610    287.418881338      0.000114731      0.000090204      0.002008912      0.004517840      0.000000000      0.000000000      0.000500001      0.000000000      0.000000000      0.000000000      0.000000000      0.000000015      0.000000193      0.000000190  19982.770124779      0.000000000      0.000018043      0.000000001      0.000000000      0.000000000      0.000092513
    1   14  14.0000     2.959763288     7.322348595     0.000072708     1.000000000     1.000000000      0.007610469      0.000761677      6.511873709      1.120878383     17.287871172   1649.860937850   1594.754600021      0.000000000      0.000010203      0.002847741      0.000271572      1.076275139    282.805725375      0.000119861      0.000095143      0.002009884      0.004522383      0.000000000      0.000000000      0.000500001      0.000000000      0.000000000      0.000000000      0.000000000      0.000000015      0.000000189      0.000000186  19981.339835925      0.000000000      0.000018838      0.000000001      0.000000000      0.000000000      0.000097940
    1   15  15.0000     2.960192919     7.322448254     0.000072765     1.000000000     1.000000000      0.007703677      0.000771016      6.851596729      1.172013139     17.960265414   1654.478978541   1595.781720623      0.000000000      0.000008717      0.002890682      0.000276919      1.071705763    278.286809355      0.000125589      0.000100653      0.002010915      0.004527286      0.000000000      0.000000000      0.000500001      0.000000000      0.000000000      0.000000000      0.000000000      0.000000016      0.000000186      0.000000182  19979.910495875      0.000000000      0.000019646      0.000000001      0.000000000      0.000000000      0.000103289
    1   16  16.0000     2.960649967     7.322607994     0.000073141     1.000000000     1.000000000      0.007794883      0.000780153      7.186775987      1.223141728     18.638397105   1659.135241929   1596.944109044      0.000000000      0.000007392      0.002928583      0.000281707      1.066893384    273.880732623      0.000131940      0.000106759      0.002012008      0.004532527      0.000000000      0.000000000      0.000500001      0.000000000      0.000000000      0.000000000      0.000000000      0.000000016      0.000000182      0.000000178  19978.487966055      0.000000000      0.000020463      0.000000001      0.000000000      0.000000000      0.000108571
    1   17  17.0000     2.961106777     7.322767735     0.000073097     1.000000000     1.000000000      0.007884557      0.000789138      7.519197619      1.274538008     19.326554033   1663.848359644   1598.234717715      0.000000000      0.000006219      0.002961633      0.000285985      1.061823177    269.560749760      0.000139014      0.000113555      0.002013172      0.004538143      0.000000000      0.000000000      0.000500001      0.000000000      0.000000000      0.000000000      0.000000000      0.000000016      0.000000179      0.000000174  19977.063586094      0.000000000      0.000021294      0.000000001      0.000000000      0.000000000      0.000113834
    1   18  18.0000     2.961563826     7.322927475     0.000073126     1.000000000     1.000000000      0.007972580      0.000797958      7.848413991      1.326138411     20.024550948   1668.606949404   1599.640420019      0.000000000      0.000005192      0.002989784      0.000289776      1.056511926    265.329730909      0.000146877      0.000121104      0.002014417      0.004544134      0.000000000      0.000000000      0.000500001      0.000000000      0.000000000      0.000000000      0.000000000      0.000000016      0.000000175      0.000000171  19975.638158833      0.000000000      0.000022137      0.000000001      0.000000000      0.000000000      0.000119109
    1   19  19.0000     2.962020874     7.323087215     0.000073125     1.000000000     1.000000000      0.008058988      0.000806617      8.174481517      1.377958080     20.733238521   1673.407348190   1601.151054469      0.000000000      0.000004302      0.003013059      0.000293105      1.050969395    261.184037158      0.000155618      0.000129490      0.002015751      0.004550512      0.000000000      0.000000000      0.000500001      0.000000000      0.000000000      0.000000000      0.000000000      0.000000017      0.000000172      0.000000167  19974.210350017      0.000000000      0.000022992      0.000000001      0.000000000      0.000000000      0.000124430
    1   20  20.0000     2.962531328     7.323317528     0.000073536     1.000000000     1.000000000      0.008143342      0.000815071      8.495555706      1.429707445     21.449243058   1678.218035260   1602.748079980      0.000000000      0.000003542      0.003031387      0.000295976      1.045239552    257.144035763      0.000165280      0.000138751      0.002017180      0.004557248      0.000000000      0.000000000      0.000500001      0.000000000      0.000000000      0.000000000      0.000000000      0.000000017      0.000000169      0.000000164  19972.787248804      0.000000000      0.000023856      0.000000001      0.000000000      0.000000000      0.000129807
    1   21  21.0000     2.963084698     7.323603630     0.000073894     1.000000000     1.000000000      0.008225748      0.000823329      8.811898168      1.481429368     22.173676647   1683.038678018   1604.423264683      0.000000000      0.000002899      0.003044882      0.000298402      1.039332126    253.203215620      0.000175970      0.000148988      0.002018715      0.004564355      0.000000000      0.000000000      0.000500001      0.000000000      0.000000000      0.000000000      0.000000000      0.000000017      0.000000166      0.000000161  19971.366822392      0.000000000      0.000024727      0.000000001      0.000000000      0.000000000      0.000135264
    1   22  22.0000     2.963638067     7.323890209     0.000073893     1.000000000     1.000000000      0.008306637      0.000831437      9.125033262      1.533378261     22.910640753   1687.889145358   1606.176590855      0.000000000      0.000002356      0.003053696      0.000300403      1.033232055    249.339637072      0.000187853      0.000160359      0.002020370      0.004571876      0.000000000      0.000000000      0.000500002      0.000000000      0.000000000      0.000000000      0.000000000      0.000000017      0.000000164      0.000000158  19969.941283786      0.000000000      0.000025610      0.000000001      0.000000000      0.000000000      0.000140850
    1   23  23.0000     2.964191437     7.324176788     0.000073938     1.000000000     1.000000000      0.008386021      0.000839395      9.434696064      1.585518654     23.660180818   1692.762642662   1607.999580384      0.000000000      0.000001902      0.003057915      0.000301990      1.026957410    245.553776685      0.000201054      0.000172980      0.002022163      0.004579817      0.000000000      0.000000000      0.000500002      0.000000000      0.000000000      0.000000000      0.000000000      0.000000018      0.000000161      0.000000155  19968.510842713      0.000000000      0.000026504      0.000000001      0.000000000      0.000000000      0.000146598
    1   24  24.0000     2.964744806     7.324463367     0.000073878     1.000000000     1.000000000      0.008464114      0.000847225      9.741166391      1.637906724     24.423632095   1697.661217284   1609.887541353      0.000000000      0.000001524      0.003057646      0.000303176      1.020515855    241.839424744      0.000215732      0.000187000      0.002024120      0.004588199      0.000000000      0.000000000      0.000500002      0.000000000      0.000000000      0.000000000      0.000000000      0.000000018      0.000000158      0.000000153  19967.073220119      0.000000000      0.000027410      0.000000001      0.000000000      0.000000000      0.000152565
    1   25  25.0000     2.965770245     7.325204849     0.000076888     1.000000000     1.000000000      0.008538001      0.000854627     10.032069928      1.688405354     25.169933708   1702.382122150   1611.755407415      0.000000000      0.000001223      0.003053194      0.000303946      1.014189815    238.342585406      0.000231390      0.000201942      0.002026202      0.004596674      0.000000000      0.000000000      0.000500002      0.000000000      0.000000000      0.000000000      0.000000000      0.000000018      0.000000156      0.000000150  19965.686390035      0.000000000      0.000028290      0.000000001      0.000000000      0.000000000      0.000158570
    1   26  26.0000     2.966808796     7.325958729     0.000077007     1.000000000     1.000000000      0.008610417      0.000861882     10.318614078      1.738935554     25.927475184   1707.102471972   1613.667031769      0.000000000      0.000000977      0.003044692      0.000304335      1.007758228    234.924699091      0.000248722      0.000218467      0.002028451      0.004605558      0.000000000      0.000000000      0.000500002      0.000000000      0.000000000      0.000000000      0.000000000      0.000000018      0.000000154      0.000000148  19964.297001000      0.000000000      0.000029175      0.000000001      0.000000000      0.000000000      0.000164754
    1   27  27.0000     2.967847109     7.326712608     0.000076956     1.000000000     1.000000000      0.008681369      0.000868991     10.601017513      1.789544321     26.697370320   1711.824343884   1615.619450787      0.000000000      0.000000777      0.003032279      0.000304353      1.001230069    231.580541573      0.000267922      0.000236756      0.002030885      0.004614872      0.000000000      0.000000000      0.000500002      0.000000000      0.000000000      0.000000000      0.000000000      0.000000019      0.000000152      0.000000145  19962.903142175      0.000000000      0.000030066      0.000000001      0.000000000      0.000000000      0.000171136
    1   28  28.0000     2.968885660     7.327466488     0.000076989     1.000000000     1.000000000      0.008750661      0.000875935     10.878534347      1.840108077     27.478143800   1716.534073883   1617.603655772      0.000000000      0.000000614      0.003016133      0.000304010      0.994636207    228.316382695      0.000289141      0.000256949      0.002033515      0.004624603      0.000000000      0.000000000      0.000500002      0.000000000      0.000000000      0.000000000      0.000000000      0.000000019      0.000000150      0.000000143  19961.507615179      0.000000000      0.000030960      0.000000001      0.000000000      0.000000000      0.000177715
    1   29  29.0000     2.969841242     7.328090191     0.000076072     1.000000000     1.000000000      0.008819036      0.000882789     11.154182141      1.891197065     28.279122511   1721.282704307   1619.638548212      0.000000000      0.000000483      0.002996191      0.000303312      0.987916556    225.094424511      0.000312858      0.000279499      0.002036379      0.004634878      0.000000000      0.000000000      0.000500002      0.000000000      0.000000000      0.000000000      0.000000000      0.000000019      0.000000148      0.000000141  19960.094059564      0.000000000      0.000031866      0.000000001      0.000000000      0.000000000      0.000184566
    1   30  30.0000     2.970673084     7.328519344     0.000074779     1.000000000     1.000000000      0.008886787      0.000889582     11.428979637      1.943036933     29.104569532   1726.089055267   1621.730425034      0.000000000      0.000000376      0.002972434      0.000302256      0.981055121    221.900750088      0.000339483      0.000304790      0.002039522      0.004645767      0.000000000      0.000000000      0.000500002      0.000000000      0.000000000      0.000000000      0.000000000      0.000000019      0.000000146      0.000000139  19958.655546117      0.000000000      0.000032788      0.000000001      0.000000000      0.000000000      0.000191758
    1   31  31.0000     2.971504927     7.328948498     0.000074810     1.000000000     1.000000000      0.008952798      0.000896200     11.697859913      1.994697925     29.940233087   1730.865012190   1623.838964028      0.000000000      0.000000292      0.002945412      0.000300863      0.974189542    218.791934448      0.000368840      0.000332651      0.002042951      0.004657095      0.000000000      0.000000000      0.000500002      0.000000000      0.000000000      0.000000000      0.000000000      0.000000020      0.000000144      0.000000137  19957.217239936      0.000000000      0.000033709      0.000000001      0.000000000      0.000000000      0.000199239
    1   32  32.0000     2.972336769     7.329377174     0.000074778     1.000000000     1.000000000      0.009017202      0.000902656     11.960991934      2.046222085     30.787091206   1735.612930286   1625.962969673      0.000000000      0.000000226      0.002915305      0.000299147      0.967329219    215.763439114      0.000401223      0.000363357      0.002046691      0.004668882      0.000000000      0.000000000      0.000500002      0.000000000      0.000000000      0.000000000      0.000000000      0.000000020      0.000000142      0.000000135  19955.777435968      0.000000000      0.000034630      0.000000001      0.000000000      0.000000000      0.000207021
    1   33  33.0000     2.973168612     7.329806328     0.000074809     1.000000000     1.000000000      0.009080012      0.000908953     12.218219264      2.097586633     31.645017297   1740.329359523   1628.098907064      0.000000000      0.000000174      0.002882334      0.000297126      0.960491722    212.814529188      0.000436898      0.000397155      0.002050765      0.004681134      0.000000000      0.000000000      0.000500002      0.000000000      0.000000000      0.000000000      0.000000000      0.000000020      0.000000141      0.000000133  19954.336271413      0.000000000      0.000035548      0.000000001      0.000000000      0.000000000      0.000215102
    1   34  34.0000     2.973624706     7.330049038     0.000073608     1.000000000     1.000000000      0.009142280      0.000915201     12.473907372      2.149685085     32.529348007   1745.094892116   1630.281887514      0.000000000      0.000000133      0.002846095      0.000294782      0.953572265    209.892838999      0.000476832      0.000434956      0.002055253      0.004694080      0.000000000      0.000000000      0.000500002      0.000000000      0.000000000      0.000000000      0.000000000      0.000000020      0.000000139      0.000000131  19952.868117426      0.000000000      0.000036480      0.000000001      0.000000000      0.000000000      0.000223611
    1   35  35.0000     2.974016905     7.330260277     0.000073430     1.000000000     1.000000000      0.009203438      0.000921340     12.724670780      2.201849723     33.429141210   1749.847104560   1632.482133711      0.000000000      0.000000102      0.002807215      0.000292144      0.946672990    207.034766326      0.000520878      0.000476615      0.002060179      0.004707572      0.000000000      0.000000000      0.000500002      0.000000000      0.000000000      0.000000000      0.000000000      0.000000021      0.000000137      0.000000130  19951.391247060      0.000000000      0.000037412      0.000000001      0.000000000      0.000000000      0.000232514
    1   36  36.0000     2.974408865     7.330471039     0.000073430     1.000000000     1.000000000      0.009263639      0.000927382     12.970107067      2.253997487     34.343049590   1754.577585312   1634.694321473      0.000000000      0.000000077      0.002765973      0.000289227      0.939817018    204.242552612      0.000569264      0.000522344      0.002065586      0.004721594      0.000000000      0.000000000      0.000500002      0.000000000      0.000000000      0.000000000      0.000000000      0.000000021      0.000000136      0.000000128  19949.907628033      0.000000000      0.000038343      0.000000001      0.000000000      0.000000000      0.000241828
    1   37  37.0000     2.974800825     7.330682278     0.000073415     1.000000000     1.000000000      0.009323165      0.000933358     13.210438783      2.306168121     35.271730574   1759.289366156   1636.918511224      0.000000000      0.000000058      0.002722560      0.000286044      0.933009888    201.511436952      0.000622301      0.000572432      0.002071530      0.004736159      0.000000000      0.000000000      0.000500002      0.000000000      0.000000000      0.000000000      0.000000000      0.000000021      0.000000135      0.000000127  19948.415829682      0.000000000      0.000039274      0.000000001      0.000000000      0.000000000      0.000251588
    1   38  38.0000     2.975305319     7.330986023     0.000073996     1.000000000     1.000000000      0.009381795      0.000939242     13.443856555      2.357945386     36.207518439   1763.944689833   1639.135457246      0.000000000      0.000000044      0.002677556      0.000282631      0.926314647    198.859899463      0.000679774      0.000626672      0.002078039      0.004751145      0.000000000      0.000000000      0.000500002      0.000000000      0.000000000      0.000000000      0.000000000      0.000000022      0.000000133      0.000000125  19946.927594208      0.000000000      0.000040197      0.000000001      0.000000000      0.000000000      0.000261764
    1   39  39.0000     2.975996494     7.331444740     0.000075043     1.000000000     1.000000000      0.009439337      0.000945015     13.669024398      2.408985558     37.143638069   1768.513039878   1641.329021553      0.000000000      0.000000033      0.002631516      0.000279033      0.919781751    196.301254650      0.000741402      0.000684796      0.002085113      0.004766436      0.000000000      0.000000000      0.000500002      0.000000000      0.000000000      0.000000000      0.000000000      0.000000022      0.000000132      0.000000124  19945.452840877      0.000000000      0.000041106      0.000000001      0.000000000      0.000000000      0.000272300
    1   40  40.0000     2.976687670     7.331903458     0.000074933     1.000000000     1.000000000      0.009496679      0.000950768     13.889341944      2.460013919     38.092854144   1773.059771200   1643.529223986      0.000000000      0.000000025      0.002584015      0.000275236      0.913323071    193.795255229      0.000808167      0.000747726      0.002092847      0.004782231      0.000000000      0.000000000      0.000500003      0.000000000      0.000000000      0.000000000      0.000000000      0.000000022      0.000000131      0.000000122  19943.970671721      0.000000000      0.000042013      0.000000001      0.000000000      0.000000000      0.000283314
    1   41  41.0000     2.977378845     7.332361698     0.000074948     1.000000000     1.000000000      0.009553709      0.000956492     14.104103733      2.510828446     39.050953459   1777.567264863   1645.726449188      0.000000000      0.000000019      0.002535430      0.000271260      0.906967872    191.348488137      0.000879945      0.000815344      0.002101292      0.004798455      0.000000000      0.000000000      0.000500003      0.000000000      0.000000000      0.000000000      0.000000000      0.000000022      0.000000130      0.000000121  19942.486990050      0.000000000      0.000042915      0.000000001      0.000000000      0.000000000      0.000294827
    1   42  42.0000     2.978070259     7.332822323     0.000075042     1.000000000     1.000000000      0.009610334      0.000962176     14.312626266      2.561218355     40.013386195   1782.017451505   1647.910786664      0.000000000      0.000000014      0.002486146      0.000267126      0.900744072    188.967495254      0.000956549      0.000887468      0.002110506      0.004815024      0.000000000      0.000000000      0.000500003      0.000000000      0.000000000      0.000000000      0.000000000      0.000000023      0.000000129      0.000000120  19941.008076030      0.000000000      0.000043809      0.000000001      0.000000000      0.000000000      0.000306863
    1   43  43.0000     2.978781700     7.333429337     0.000075955     1.000000000     1.000000000      0.009665913      0.000967757     14.512188510      2.610461050     40.965597334   1786.347477246   1650.050186726      0.000000000      0.000000011      0.002437065      0.000262898      0.894739826    186.682314736      0.001036944      0.000963122      0.002120458      0.004831675      0.000000000      0.000000000      0.000500003      0.000000000      0.000000000      0.000000000      0.000000000      0.000000023      0.000000128      0.000000119  19939.555387133      0.000000000      0.000044683      0.000000001      0.000000000      0.000000000      0.000319326
    1   44  44.0000     2.979493141     7.334036350     0.000075987     1.000000000     1.000000000      0.009721085      0.000973300     14.704643351      2.658953184     41.914564198   1790.593126716   1652.161311976      0.000000000      0.000000008      0.002387990      0.000258576      0.888904528    184.470753512      0.001121931      0.001043056      0.002131227      0.004848520      0.000000000      0.000000000      0.000500003      0.000000000      0.000000000      0.000000000      0.000000000      0.000000023      0.000000127      0.000000118  19938.117437305      0.000000000      0.000045543      0.000000001      0.000000000      0.000000000      0.000332302
    1   45  45.0000     2.980204344     7.334643364     0.000075971     1.000000000     1.000000000      0.009775980      0.000978822     14.889643998      2.706572770     42.857501024   1794.744172073   1654.238503967      0.000000000      0.000000006      0.002339237      0.000254187      0.883251096    182.335606548      0.001211715      0.001127457      0.002142851      0.004865508      0.000000000      0.000000000      0.000500003      0.000000000      0.000000000      0.000000000      0.000000000      0.000000024      0.000000126      0.000000117  19936.697852422      0.000000000      0.000046387      0.000000001      0.000000000      0.000000000      0.000345797
    1   46  46.0000     2.980915785     7.335250378     0.000075955     1.000000000     1.000000000      0.009830921      0.000984359     15.066976044      2.753256830     43.793052971   1798.795110052   1656.278872237      0.000000000      0.000000004      0.002291088      0.000249763      0.877785776    180.277798639      0.001306934      0.001216915      0.002155346      0.004882620      0.000000000      0.000000000      0.000500003      0.000000000      0.000000000      0.000000000      0.000000000      0.000000024      0.000000125      0.000000116  19935.298287793      0.000000000      0.000047212      0.000000001      0.000000000      0.000000000      0.000359795
    1   47  47.0000     2.981401443     7.335643768     0.000074574     1.000000000     1.000000000      0.009887599      0.000990094     15.239983214      2.799937702     44.740420286   1802.825794662   1658.323339282      0.000000000      0.000000003      0.002242839      0.000245264      0.872401191    178.256136411      0.001410885      0.001314513      0.002168929      0.004900230      0.000000000      0.000000000      0.000500003      0.000000000      0.000000000      0.000000000      0.000000000      0.000000024      0.000000125      0.000000115  19933.890078725      0.000000000      0.000048033      0.000000001      0.000000000      0.000000000      0.000374508
    1   48  48.0000     2.981826067     7.335979462     0.000074146     1.000000000     1.000000000      0.009946742      0.000996108     15.407225999      2.846336463     45.695024870   1806.810141095   1660.360157756      0.000000000      0.000000002      0.002195084      0.000240733      0.867134060    176.284101766      0.001525028      0.001421605      0.002183662      0.004918288      0.000000000      0.000000000      0.000500003      0.000000000      0.000000000      0.000000000      0.000000000      0.000000024      0.000000124      0.000000114  19932.480449229      0.000000000      0.000048842      0.000000001      0.000000000      0.000000000      0.000389864
    1   49  49.0000     2.982250929     7.336315632     0.000074252     1.000000000     1.000000000      0.010009988      0.001002580     15.569034452      2.892672418     46.662607749   1810.764740288   1662.399562357      0.000000000      0.000000002      0.002147958      0.000236207      0.861965089    174.354077069      0.001652319      0.001540945      0.002199623      0.004936945      0.000000000      0.000000000      0.000500003      0.000000000      0.000000000      0.000000000      0.000000000      0.000000025      0.000000123      0.000000114  19931.061393199      0.000000000      0.000049637      0.000000001      0.000000000      0.000000000      0.000405773
    1   50  50.0000     2.982675791     7.336651325     0.000074160     1.000000000     1.000000000      0.010080077      0.001009804     15.727831519      2.939771184     47.661637508   1814.757835055   1664.478567174      0.000000000      0.000000001      0.002100990      0.000231686      0.856809251    172.433400228      0.001797550      0.001677008      0.002217000      0.004956599      0.000000000      0.000000000      0.000500003      0.000000000      0.000000000      0.000000000      0.000000000      0.000000025      0.000000123      0.000000113  19929.606273083      0.000000000      0.000050431      0.000000001      0.000000000      0.000000000      0.000422222
    1   51  51.0000     2.983230591     7.336958885     0.000074039     1.000000000     1.000000000      0.010159882      0.001018086     15.885517759      2.988296420     48.707084651   1818.844069735   1666.627066957      0.000000000      0.000000001      0.002053818      0.000227168      0.851601570    170.495960530      0.001964999      0.001833786      0.002236021      0.004977576      0.000000000      0.000000000      0.000500003      0.000000000      0.000000000      0.000000000      0.000000000      0.000000025      0.000000122      0.000000113  19928.093514439      0.000000000      0.000051230      0.000000001      0.000000000      0.000000000      0.000439152
    1   52  52.0000     2.983842373     7.337254524     0.000073949     1.000000000     1.000000000      0.010251983      0.001027705     16.042868655      3.038507068     49.804684420   1823.044921699   1668.856876562      0.000000000      0.000000001      0.002006363      0.000222656      0.846320922    168.530625190      0.002157016      0.002013472      0.002256953      0.005000004      0.000000000      0.000000000      0.000500003      0.000000000      0.000000000      0.000000000      0.000000000      0.000000026      0.000000122      0.000000114  19926.514605525      0.000000000      0.000052042      0.000000001      0.000000000      0.000000000      0.000456457
    1   53  53.0000     2.984454155     7.337549686     0.000073918     1.000000000     1.000000000      0.010358514      0.001038886     16.198760475      3.089970003     50.944311559   1827.325254769   1671.148815707      0.000000000      0.000000001      0.001959059      0.000218163      0.841017899    166.551652734      0.002372518      0.002215047      0.002280102      0.005023668      0.000000000      0.000000000      0.000500003      0.000000000      0.000000000      0.000000000      0.000000000      0.000000026      0.000000121      0.000000114  19924.883433137      0.000000000      0.000052862      0.000000001      0.000000000      0.000000000      0.000473957
    1   54  54.0000     2.985065937     7.337845325     0.000073918     1.000000000     1.000000000      0.010481740      0.001051819     16.349920875      3.141463458     52.097724311   1831.585489822   1673.448338726      0.000000000      0.000000000      0.001912948      0.000213720      0.835822478    164.602137383      0.002606412      0.002433748      0.002305876      0.005047960      0.000000000      0.000000000      0.000500003      0.000000000      0.000000000      0.000000000      0.000000000      0.000000026      0.000000121      0.000000116  19923.239453069      0.000000000      0.000053676      0.000000001      0.000000000      0.000000000      0.000491361
    1   55  55.0000     2.998896837     7.347369671     0.000099614     1.000000000     1.000000000      0.010588650      0.001062834     16.454875094      3.178321633     52.932118697   1834.619712046   1675.098821967      0.000000000      0.000000000      0.001880785      0.000210506      0.832188874    163.226487463      0.002787440      0.002602964      0.002327538      0.005065767      0.000000000      0.000000000      0.000500003      0.000000000      0.000000000      0.000000000      0.000000000      0.000000027      0.000000121      0.000000118  19922.054516606      0.000000000      0.000054258      0.000000001      0.000000000      0.000000000      0.000503863
    1   56  56.0000     3.013430119     7.357384682     0.000092894     1.000000000     1.000000000      0.010716459      0.001075975     16.556409428      3.215178582     53.775755729   1837.637856195   1676.754332389      0.000000000      0.000000000      0.001849714      0.000207933      0.828661570    161.871102885      0.002984002      0.002786646      0.002346066      0.005084019      0.000000000      0.000000000      0.000500003      0.000000000      0.000000000      0.000000000      0.000000000      0.000000027      0.000000120      0.000000121  19920.860758654      0.000000000      0.000054829      0.000000001      0.000000000      0.000000000      0.000513492
    1   57  57.0000     3.118732452     7.441518784     0.000020439     1.000000000     1.000000000      0.011359609      0.001141387     16.953577383      3.365257359     57.255145364   1849.851558224   1683.521164665      0.000000000      0.000000000      0.001728547      0.000202375      0.814870437    156.445635365      0.003864482      0.003609170      0.002380462      0.005160496      0.000000000      0.000000000      0.000500003      0.000000000      0.000000000      0.000000000      0.000000000      0.000000028      0.000000120      0.000000147  19915.956625827      0.000000000      0.000057095      0.000000001      0.000000000      0.000000000      0.000531126
    1   58  58.0000     3.402219296     7.683023930     0.000011793     1.000000000     1.000000000      0.012559772      0.001260517     17.458213471      3.568051068     62.044103600   1866.206437977   1692.726463563      0.000000000      0.000000000      0.001565698      0.000194695      0.797917621    149.282095783      0.005257663      0.004910112      0.002430888      0.005268263      0.000000000      0.000000000      0.000500003      0.000000000      0.000000000      0.000000000      0.000000000      0.000000030      0.000000119      0.000000247  19909.237185424      0.000000000      0.000060615      0.000000001      0.000000000      0.000000000      0.000552960
    1   59  59.0000     3.608525515     7.885035992     0.000012960     1.000000000     1.000000000      0.013573977      0.001361186     17.809743583      3.723433262     65.811295634   1878.573598186   1699.861010229      0.000000000      0.000000000      0.001440221      0.000186134      0.787842392    143.964515275      0.006607862      0.006170378      0.002496506      0.005355943      0.000000000      0.000000000      0.000500003      0.000000000      0.000000000      0.000000000      0.000000000      0.000000031      0.000000118      0.000000530  19903.976885391      0.000000000      0.000064006      0.000000001      0.000000000      0.000000000      0.000578222
    1   60  60.0000     3.684903860     7.979577065     0.000019289     1.000000000     1.000000000      0.014212503      0.001425590     18.030466948      3.831059452     68.485793898   1887.032878113   1704.863748370      0.000000000      0.000000000      0.001354789      0.000178123      0.783310817    140.386066482      0.007770493      0.007255320      0.002571402      0.005420162      0.000000000      0.000000000      0.000500003      0.000000000      0.000000000      0.000000000      0.000000000      0.000000032      0.000000118      0.000001113  19900.254066829      0.000000000      0.000066767      0.000000001      0.000000000      0.000000000      0.000603903
    1   61  61.0000     3.744051456     8.056753159     0.000021528     1.000000000     1.000000000      0.014831876      0.001488187     18.231024229      3.937367854     71.178859578   1895.306638046   1709.857496660      0.000000000      0.000000000      0.001273056      0.000170324      0.780935500    136.927284722      0.009130775      0.008524606      0.002659062      0.005486411      0.000000000      0.000000000      0.000500003      0.000000000      0.000000000      0.000000000      0.000000000      0.000000033      0.000000118      0.000002444  19896.510945170      0.000000000      0.000069745      0.000000001      0.000000000      0.000000000      0.000630919
    1   62  62.0000     3.794721842     8.125089645     0.000023018     1.000000000     1.000000000      0.015503528      0.001556238     18.421803687      4.046424873     73.986938597   1903.724253028   1715.029950401      0.000000000      0.000000000      0.001191013      0.000162711      0.780484417    133.440712058      0.010744895      0.010030754      0.002762269      0.005556917      0.000000000      0.000000000      0.000500003      0.000000000      0.000000000      0.000000000      0.000000000      0.000000034      0.000000118      0.000005373  19892.609809402      0.000000000      0.000073121      0.000000001      0.000000000      0.000000000      0.000659111
    1   63  63.0000     3.842194080     8.186841011     0.000024371     1.000000000     1.000000000      0.016262164      0.001633348     18.599490295      4.156098729     76.855277830   1912.123418082   1720.282720042      0.000000000      0.000000000      0.001109712      0.000155349      0.782082163    129.990629077      0.012610521      0.011771695      0.002882943      0.005630349      0.000000000      0.000000000      0.000500003      0.000000000      0.000000000      0.000000000      0.000000000      0.000000035      0.000000118      0.000011597  19888.624323824      0.000000000      0.000076922      0.000000001      0.000000000      0.000000000      0.000688042
    1   64  64.0000     3.890047312     8.247578621     0.000024622     1.000000000     1.000000000      0.017178265      0.001726931     18.766298038      4.268068842     79.830864419   1920.630918914   1725.701995972      0.000000000      0.000000000      0.001027703      0.000148115      0.786012396    126.524778077      0.014801842      0.013816812      0.003025634      0.005708034      0.000000000      0.000000000      0.000500003      0.000000000      0.000000000      0.000000000      0.000000000      0.000000036      0.000000119      0.000025093  19884.486990573      0.000000000      0.000081306      0.000000001      0.000000000      0.000000000      0.000718213
    1   65  65.0000     3.939984798     8.305012703     0.000025453     1.000000000     1.000000000      0.018295499      0.001841878     18.913623629      4.376913426     82.772962524   1928.833322298   1731.031614868      0.000000000      0.000000000      0.000948769      0.000141064      0.792380671    123.211914587      0.017265280      0.016116334      0.003192844      0.005786425      0.000000000      0.000000000      0.000500004      0.000000000      0.000000000      0.000000000      0.000000000      0.000000038      0.000000119      0.000053485  19880.391115150      0.000000000      0.000086172      0.000000001      0.000000000      0.000000000      0.000749706
    1   66  66.0000     3.991239548     8.359743118     0.000026207     1.000000000     1.000000000      0.019732129      0.001991249     19.040141662      4.481486684     85.651607699   1936.646886899   1736.219116258      0.000000000      0.000000000      0.000873743      0.000134119      0.801320738    120.085108730      0.020017819      0.018686450      0.003389408      0.005864775      0.000000000      0.000000000      0.000500004      0.000000000      0.000000000      0.000000000      0.000000000      0.000000039      0.000000120      0.000112651  19876.376078291      0.000000000      0.000091530      0.000000001      0.000000000      0.000000000      0.000783528
    1   67  67.0000     4.045082569     8.409158707     0.000027879     1.000000000     1.000000000      0.021636371      0.002191664     19.142552209      4.578137702     88.364106639   1943.806267569   1741.083176158      0.000000000      0.000000000      0.000805213      0.000127228      0.812554375    117.248383004      0.022986517      0.021459496      0.003620605      0.005940232      0.000000000      0.000000000      0.000500006      0.000000000      0.000000000      0.000000000      0.000000000      0.000000040      0.000000120      0.000229391  19872.583188767      0.000000000      0.000097217      0.000000001      0.000000000      0.000000000      0.000821096
    1   68  68.0000     4.094213963     8.452927589     0.000029955     1.000000000     1.000000000      0.024268932      0.002472410     19.222442902      4.666390343     90.890883077   1950.288675452   1745.594368321      0.000000000      0.000000000      0.000743482      0.000120036      0.825822616    114.706940553      0.026146462      0.024412694      0.003904622      0.006012068      0.000000000      0.000000000      0.000500014      0.000000000      0.000000000      0.000000000      0.000000000      0.000000041      0.000000121      0.000448841  19869.038819887      0.000000000      0.000103152      0.000000000      0.000000000      0.000000000      0.000866232
    1   69  69.0000     4.126476765     8.476476669     0.000044507     1.000000000     1.000000000      0.026999847      0.002766940     19.265765861      4.724356973     92.584424941   1954.513125114   1748.607090647      0.000000000      0.000000000      0.000703536      0.000113818      0.836674474    113.069357278      0.028555962      0.026665957      0.004202401      0.006061244      0.000000000      0.000000000      0.000500039      0.000000000      0.000000000      0.000000000      0.000000000      0.000000042      0.000000122      0.000735129  19866.654386423      0.000000000      0.000107581      0.000000000      0.000000000      0.000000000      0.000911194
    1   70  70.0000     4.158739567     8.500026703     0.000044547     1.000000000     1.000000000      0.031141151      0.003217113     19.298292662      4.780389583     94.255523489   1958.566187467   1751.571381199      0.000000000      0.000000000      0.000666045      0.000107044      0.849375682    111.517640835      0.031243205      0.029180658      0.004580409      0.006110780      0.000000000      0.000000000      0.000500125      0.000000000      0.000000000      0.000000000      0.000000000      0.000000043      0.000000127      0.001242109  19864.291788662      0.000000000      0.000112245      0.000000000      0.000000000      0.000000000      0.000968065
    1   71  71.0000     4.177752495     8.515252113     0.000061974     1.000000000     1.000000000      0.035701530      0.003715902     19.313388713      4.818853166     95.427652944   1961.328693981   1753.646696225      0.000000000      0.000000000      0.000641163      0.000100842      0.859764504    110.475352433      0.033369004      0.031171506      0.005013329      0.006146251      0.000000000      0.000000000      0.000500342      0.000000000      0.000000000      0.000000000      0.000000000      0.000000043      0.000000147      0.001873957  19862.626809777      0.000000000      0.000115739      0.000000000      0.000000000      0.000000000      0.001026640
    1   72  72.0000     4.178620815     8.519079208     0.000117317     1.000000000     1.000000000      0.039331664      0.004114560     19.316568234      4.838048942     96.026624041   1962.697477617   1754.706317907      0.000000000      0.000000000      0.000629395      0.000096924      0.865900152    109.968266117      0.034595081      0.032320718      0.005361399      0.006164772      0.000000000      0.000000001      0.000500662      0.000000000      0.000000000      0.000000000      0.000000000      0.000000044      0.000000207      0.002424838  19861.771367720      0.000000000      0.000117593      0.000000000      0.000000000      0.000000000      0.001066601
    1   73  73.0000     4.179489136     8.522906303     0.000117558     1.000000000     1.000000000      0.044519071      0.004685066     19.314563634      4.856031695     96.602850094   1963.969789016   1755.725683755      0.000000000      0.000000000      0.000619260      0.000093367      0.872676235    109.507684413      0.035926226      0.033569463      0.005729048      0.006183004      0.000000000      0.000000003      0.000501279      0.000000000      0.000000000      0.000000000      0.000000000      0.000000044      0.000000428      0.003260341  19860.943354005      0.000000000      0.000119373      0.000000000      0.000000000      0.000000000      0.001105278
    1   74  74.0000     4.181056499     8.528926849     0.000420632     1.000000000     1.000000000      0.046552127      0.004908644     19.312385990      4.860727967     96.757977805   1964.299194700   1756.000449807      0.000000000      0.000000000      0.000616904      0.000092466      0.874762530    109.392027431      0.036331232      0.033949725      0.005841826      0.006188036      0.000000000      0.000000006      0.000501616      0.000000000      0.000000000      0.000000000      0.000000000      0.000000044      0.000000656      0.003603694  19860.718871993      0.000000000      0.000119848      0.000000000      0.000000000      0.000000000      0.001115484
    1   75  75.0000     4.186786175     8.548011780     0.000050337     1.000000000     1.000000000      0.068905428      0.007365739     19.280092440      4.897248098     98.006278629   1966.835398016   1758.215516330      0.000000000      0.000000000      0.000601442      0.000088877      0.893851434    108.535117326      0.040002058      0.037398938      0.006229974      0.006229614      0.000000000      0.000000071      0.000505065      0.000000000      0.000000000      0.000000000      0.000000000      0.000000045      0.000004985      0.007494814  19858.898581776      0.000000000      0.000123478      0.000000000      0.000000000      0.000000000      0.001160357
    1   76  76.0000     4.192515850     8.567095757     0.000050356     1.000000000     1.000000000      0.102074628      0.010991293     19.227247137      4.931579644     99.228538563   1969.194484335   1760.400409765      0.000000000      0.000000000      0.000589874      0.000085686      0.915139721    107.786975672      0.044083706      0.041238114      0.006650546      0.006271524      0.000000000      0.000000582      0.000515958      0.000000000      0.000000000      0.000000000      0.000000000      0.000000053      0.000031330      0.013584101  19857.099338942      0.000000000      0.000126989      0.000000000      0.000000000      0.000000000      0.001203885
    1   77  77.0000     4.197672844     8.584272385     0.000054550     1.000000000     1.000000000      0.150006247      0.016148793     19.150984543      4.961878967    100.357845946   1971.254587022   1762.450178147      0.000000000      0.000000000      0.000582811      0.000083281      0.937408810    107.197973080      0.048363925      0.045268921      0.007045319      0.006311426      0.000000000      0.000004425      0.000545735      0.000000000      0.000000000      0.000000000      0.000000000      0.000000178      0.000185668      0.022902047  19855.418494534      0.000000000      0.000129971      0.000000000      0.000000000      0.000000000      0.001238837
    1   78  77.7500     4.197672844     8.584272385     0.000072519     0.500000000     1.000000000      0.192478813      0.020554383     19.086116104      4.978445474    101.006127310   1972.369756490   1763.657429522      0.000000000      0.000000000      0.000580900      0.000082570      0.951717027    106.929854395      0.051131787      0.047878900      0.007190269      0.006335009      0.000000000      0.000020964      0.000583702      0.000000000      0.000000000      0.000000000      0.000000000      0.000001367      0.000706478      0.031640122  19854.441404821      0.000000000      0.000131337      0.000000000      0.000000000      0.000000000      0.001249425
    1   79  78.1333     4.197672844     8.584272385     0.000005000     0.266666667     1.000000000      0.580584804      0.059491134     18.507270350      5.099540343    105.862739119   1980.478532175   1772.858334072      0.000000000      0.000000000      0.000574552      0.000081781      1.064590734    105.217711774      0.073057794      0.068567706      0.007367355      0.006514182      0.000000000      0.000395346      0.000947347      0.000000000      0.000000000      0.000000000      0.000000000      0.000051766      0.010648899      0.113915873  19847.068550588      0.000000000      0.000139678      0.000000000      0.000000000      0.000000000      0.001261473
    1   80  78.3333     4.197672844     8.584272385     0.000002331     0.133333333     1.000000000      1.127811989      0.107057674     17.731142019      5.235016052    111.345994492   1989.483465546   1783.597419354      0.000000000      0.000000000      0.000571327      0.000081382      1.196101881    103.690029034      0.098822022      0.092897192      0.007490094      0.006718109      0.000000000      0.003602851      0.002282858      0.000000000      0.000000000      0.000000000      0.000000000      0.001063272      0.074445876      0.240373527  19838.644675101      0.000000000      0.000147586      0.000000000      0.000000000      0.000000000      0.001267647
    1   81  78.4333     4.197672844     8.584272385     0.000000996     0.066666667     1.000000000      1.797502645      0.153427644     16.799629409      5.397948642    117.791973776   1999.970900471   1796.697148971      0.000000000      0.000000000      0.000569738      0.000081184      1.353513651    102.327593259      0.129900109      0.122274703      0.007570723      0.006958781      0.000000000      0.022035139      0.005745062      0.000000000      0.000000000      0.000000000      0.000000000      0.013496564      0.349996947      0.421344220  19828.509264180      0.000000000      0.000154454      0.000000000      0.000000000      0.000000000      0.001270744
    1   82  78.4831     4.197672844     8.584272385     0.000000329     0.032833333     1.000000000      2.539593921      0.191776609     15.724309281      5.666994619    127.533371026   2015.710876770   1817.287145981      0.000000000      0.000000000      0.000568956      0.000081087      1.593558844    100.839663631      0.177492485      0.167478275      0.007622861      0.007322640      0.000000000      0.117520229      0.013246962      0.000000000      0.000000000      0.000000000      0.000000000      0.137330357      1.387283552      0.709928550  19812.524328357      0.000000000      0.000160610      0.000000000      0.000000000      0.000000000      0.001272272
    1   83  78.4998     4.197672844     8.584272385     0.000000000     0.000500000     1.000000000      4.079853902      0.479956067      0.181793233     43.275150834   1211.736469887   3750.984762943   4224.594662881    157.356462951      0.000000003      0.699480584    102.504031870     28.317455243      9.285427625      5.429949892      5.376663482    203.137545276      0.047606563     61.272490593     32.829163837    714.907891416     93.261346471     30.388474383     48.421049992      0.000078755     73.602428347    213.638933352     28.773668464  17901.305727204      0.000000000      4.126159340      0.036437732     42.467864956     45.838237329  18279.328153023
    1   84  78.5003     4.197672844     8.584272385     0.000000000     0.000500000     1.000000000      3.860805483      0.444064226      0.000000980     42.686939248   1187.695373052   3622.626290812   4092.321041253    365.018216129      0.000000000      0.541992618    133.364455977     27.816573253      6.517818010      5.307782592      4.908683044     37.786688234      0.046602759    150.595204867     31.548297854    260.270630306    221.695852125     74.998612511    114.132527506      0.000068515     74.659498909    208.467921253     28.221970806  16929.665824595      0.000000000      3.432200554      0.056980659     36.734483330     61.955453395  40127.015603510
    1   85  78.5010     4.197672844     8.584272385     0.000000000     0.001000000     1.000000000      3.865988280      0.340739089      0.000000000     44.981666260   1238.453432165   3704.427814161   4202.561965985    402.307475088      0.000000000      0.503318174    138.746458906     29.116382944      3.947722388      5.489434074      4.611021229     18.967937144      0.048573851    168.103459221     32.102000552    185.448896368    245.607688154     83.763946008    126.194361731      0.000072031     83.097783975    215.008252357     29.414618575  16780.874985518      0.000000000      2.887933586      0.055598951     34.336143548     61.176396838  43730.306443781
    1   86  78.5025     4.197672844     8.584272385     0.000000000     0.002000000     1.000000000      4.005030370      0.000001412      0.000000000     49.515983036   1333.003486369   3868.682798240   4421.058791046    480.730595189      0.000000000      0.392548647    161.234378170     31.661601579      1.274026621      5.729247017      3.930621501      3.330797098      0.052508577    208.505099983     32.684367730     79.432786165    298.023087857    104.097762210    152.362734843      0.000073540    104.398278078    224.011809021     31.561680933  16485.628506467      0.000000000      1.756794791      0.036070743     27.829452357     42.237417533  49891.232904950
    1   87  78.5055     4.197672844     8.584272385     0.000000000     0.004000000     1.000000000      4.342953492      0.000000000      0.000000000     57.780937392   1490.108099355   4196.408222130   4852.748170366    651.323226590      0.000000000      0.141601843    197.864534548     36.637261553      0.107108020      5.770724607      2.770033387      0.051230060      0.060314416    298.525801302     32.439575619     11.806362817    413.762062021    150.021392458    211.254100536      0.000066507    154.118758636    235.274422894     35.269493318  15905.099818366      0.000000000      0.350630898      0.003770059     17.051506665     24.623424665  57104.406842862
    1   88  78.5115     4.197672844     8.584272385     0.000000000     0.008000000     1.000000000      5.219339803      0.000000000      0.000000000     72.510879737   1655.303857016   4844.098237983   5712.410945452   1027.751462745      0.000000000      0.015422619    235.996442772     46.700192589      0.001568819      5.075648622      1.358227405      0.000422871      0.075365568    480.279697554     30.726048441      1.465409895    661.427543413    246.235053306    347.360661436      0.000053637    255.900834870    254.468040555     40.944586024  14781.220231139      0.000000000      0.030521136      0.000096799      9.512760923     32.713242759  53388.964451270
    1   89  78.5205     4.197672844     8.584272385     0.000000000     0.010000000     1.000000000      6.864218887      0.000000000      0.000000000     92.518037352   1630.295997281   5777.035245143   6991.348957864   1738.448949272      0.000000000      0.000613767     23.568834395     67.744291347      0.000008436      3.415127309      0.534694669      0.000008759      0.094830849    785.093841213     27.894576358      0.913405241   1115.382512587    428.513233175    645.537182204      0.000041610    401.870166374    284.459571645     44.767185276  13163.447350223      0.000000000      0.001365964      0.000000909      7.245180248      0.562548667  24878.112445371
    1   90  78.5305     4.197672844     8.584272385     0.000000000     0.010000000     1.000000000      9.051727364      0.000000001      0.000000000    114.179224255   1506.643678141   6822.519606320   8446.448064176   2935.508535508      0.000000000      0.000010501    872.684936236     91.997108503      0.000000022      1.904032724      0.211062124      0.000000004      0.110158231   1151.108231145     25.788545737      2.837835525   1763.696283818    715.266886142   1262.715638638      0.000000000    563.932420399    320.236241171     47.652066551  11425.314915246      0.000000000      0.000194525      0.000000004     10.391965978    136.716342650   4389.298943013
    1   91  78.5405     4.197672844     8.584272385     0.000000000     0.010000000     1.000000000     12.082448751      0.000000000      0.000000000    132.324368634   1343.446750678   7518.660846967   9628.103153908   4723.353362476      0.000000000      0.000000129     17.198477783    165.925395198      0.000000000      0.930202261      0.085767247      0.000000000      0.119298217   1485.177501970     22.668358026      1.847804854   2536.320537100   1095.535307672   2315.894715999      0.000000000    660.379985943    357.532671477     43.366014426   9816.403145306      0.000000000      0.000212044      0.000000000     10.228087732      0.315989816    679.412264114
    1   92  78.5505     4.197672844     8.584272385     0.000000000     0.010000000     1.000000000     15.970342942      0.000000000      0.000000000    149.767953392   1174.956671691   8174.510301704  10792.290786024   6539.696788475      0.000000000      0.000000001      7.851329015    245.962706783      0.000000000      0.405129052      0.035156739      0.000000000      0.123599682   1680.130491080     21.442105237      2.639957677   3358.912930114   1531.174905243   3827.391674324      0.000000000    751.696912376    396.582126068     38.164833651   8251.229735020      0.000000000      0.000208690      0.000000000     13.685627060      0.000487193    106.111012601
    1   93  78.5605     4.197672844     8.584272385     0.000000000     0.010000000     1.000000000     21.444022949      0.000000000      0.000000000    166.133566115   1006.942205013   8776.442265244  11921.218176562   7138.995755173      0.000000000      0.000000000     14.229813628    335.766098212      0.000000000      0.159096645      0.014421230      0.000000000      0.124914013   1642.979578740     22.534965339      3.595293555   4375.325371771   2004.600308742   5770.038000301      0.000000000    837.821074760    436.891429221     32.199213562   6722.247719390      0.000000000      0.000214015      0.000000000     18.374729177      0.000000667     14.353468891
    1   94  78.5705     4.197672844     8.584272385     0.000000000     0.010000000     1.000000000     29.818500807      0.000000001      0.000000000    181.018095777    839.340817368   9318.864173976  13001.759570824   6061.232053442      0.000000000      0.000000000     26.730433018    435.658530173      0.000000000      0.057011523      0.005904832      0.000000000      0.124752635   1372.331051896     27.244286505      4.679056375   6094.344986694   2613.325501898   8466.916127117      0.000000000    920.769896914    477.917080990     25.664236548   5224.323639634      0.000000000      0.000238849      0.000000000     24.824060347      0.000000102      1.709570715
    1   95  78.5805     4.197672844     8.584272385     0.000000000     0.010000000     1.000000000     43.534086703      0.000000001      0.000000000    194.083580857    671.284936136   9815.044538246  14033.057919467   4105.602797948      0.000000000      0.000000000     52.565933290    543.792583299      0.000000000      0.018990692      0.002414296      0.000000000      0.124048774    982.235566709     39.358198785      5.880501903   9807.440944331   3717.460468468  13332.303114220      0.000000000   1008.329026779    519.074579108     18.760975350   3752.764146507      0.000000000      0.000268631      0.000000000     34.065236158      0.009176122      0.190436959
    1   96  78.5905     4.197672844     8.584272385     0.000000000     0.010000000     1.000000000     67.338594809      0.000000022      0.000000000    205.005095386    501.927172557  10309.975761138  15035.205698304   2287.431338660      0.000000000      0.000000000  16674.512136056    654.504977662      0.000000000      0.006121610      0.000991946      0.000000000      0.123266602    608.869122529     69.309508683     42.261412493  18870.816403857   6249.893615852  24712.125200764      0.000000000   1121.458228127    559.746346171     11.636071609   2302.179201066      0.000000000      0.000288913      0.000000000     94.736043956   2083.441194153      0.020616461
    1   97  78.6005     4.197672844     8.584272385     0.000000000     0.010000000     1.000000000    169.188179220      0.000000027      0.000000000    191.059797820    319.985946271   9759.397457081  14718.002927582   1098.317852637      0.000000000      0.000000000  21032.581507868    927.589807091      0.000000000      0.002159841      0.000424917      0.000000000      0.122591381    337.349019798     81.972754796     54.458769526  29165.828298786   9047.576961468  36384.028791225      0.000000000    995.492869792    584.059984699      6.145096816   1197.000233170      0.000000000      0.000298988      0.000000000    186.304153722   2387.088230693      0.002219605
    1   98  78.6105     4.197672844     8.584272385     0.000000000     0.010000000     1.000000000    574.723742944      0.000000002      0.000000000    166.750832460    121.420509073  10523.110786293  13760.991028230    467.389232284      0.000000000      0.000000000    716.701877241   1044.572899272      0.000000000      0.001359223      0.000226544      0.000000000      0.122078745    169.477793208     76.263581649     12.681420161  21349.480981571   8540.726517046  31842.460557827      0.000000000    782.757548488    586.445052995      3.483523359    319.740673891      0.000000000      0.000295984      0.000000000    101.824376858      4.055251983      0.000237145
