  10   365   100    34
 B_NUT_NH4 B_NUT_NO2 B_NUT_NO3 B_NUT_PO4 B_NUT_Si B_C_DIC B_C_Alk B_Ca_CaCO3 B_BIO_Phy B_BIO_Het B_BIO_PON B_BIO_DON B_BIO_O2 B_Mn_Mn2 B_Mn_Mn3 B_Mn_Mn4 B_Mn_MnS B_Mn_MnCO3 B_Fe_Fe2 B_Fe_Fe3 B_Fe_FeS B_Fe_FeCO3 B_Fe_FeS2 B_Fe_Fe3PO42 B_S_H2S B_S_S0 B_S_S2O3 B_S_SO4 B_CH4_CH4 B_BACT_Baae B_BACT_Bhae B_BACT_Baan B_BACT_Bhan B_Si_Sipart
 i  k Depth  t   s   Kz  hz Vol                                   
    1    1   1.0000     2.952600479     7.321600914     0.000072201     1.000000000     1.000000000      0.006330160      0.000634310      1.941756756      0.492179738      9.218313311   1598.330470848   1601.384781930      0.000000000      0.000028575      0.001965737      0.000093164      1.095699691    349.508493197      0.000094945      0.000082911      0.002000000      0.002153875      0.000000000      0.000000000      0.000500000      0.000000000      0.000000000      0.000000000      0.000000000      0.000000006      0.000000121      0.000000118  22800.000000000      0.000000000      0.000012316      0.000000001      0.000000000      0.000000000      0.000014919
    1    2   2.0000     2.952675104     7.321604252     0.000072201     1.000000000     1.000000000      0.006382724      0.000639196      2.324459077      0.517299483      9.878300456   1600.421143363   1598.783028369      0.000000000      0.000028798      0.002017496      0.000123567      1.095371321    343.978132743      0.000095506      0.000083455      0.002000825      0.002154046      0.000000000      0.000000000      0.000500000      0.000000000      0.000000000      0.000000000      0.000000000      0.000000006      0.000000118      0.000000116  22798.598429680      0.000000000      0.000013086      0.000000001      0.000000000      0.000000000      0.000021796
    1    3   3.0000     2.953504324     7.321641922     0.000072369     1.000000000     1.000000000      0.006460762      0.000646775      2.704074321      0.542431304     10.538786894   1602.710712311   1596.298716151      0.000000000      0.000028430      0.002080129      0.000147003      1.094710631    338.503041166      0.000096631      0.000084546      0.002001669      0.002154387      0.000000000      0.000000000      0.000500000      0.000000000      0.000000000      0.000000000      0.000000000      0.000000006      0.000000116      0.000000114  22797.200019207      0.000000000      0.000013873      0.000000001      0.000000000      0.000000000      0.000028681
    1    4   4.0000     2.954333544     7.321680069     0.000072411     1.000000000     1.000000000      0.006551145      0.000655703      3.082418839      0.567865875     11.202714364   1605.221772452   1594.015308770      0.000000000      0.000027567      0.002148704      0.000166151      1.093715770    333.084567023      0.000098329      0.000086193      0.002002534      0.002154899      0.000000000      0.000000000      0.000500000      0.000000000      0.000000000      0.000000000      0.000000000      0.000000006      0.000000113      0.000000111  22795.802262185      0.000000000      0.000014682      0.000000001      0.000000000      0.000000000      0.000035535
    1    5   5.0000     2.955162764     7.321717739     0.000072341     1.000000000     1.000000000      0.006647542      0.000665294      3.460831811      0.593818282     11.872523611   1607.955403076   1591.991210338      0.000000000      0.000026302      0.002220165      0.000182332      1.092385308    327.723814042      0.000100618      0.000088413      0.002003424      0.002155582      0.000000000      0.000000000      0.000500000      0.000000000      0.000000000      0.000000000      0.000000000      0.000000006      0.000000110      0.000000109  22794.402989078      0.000000000      0.000015516      0.000000001      0.000000000      0.000000000      0.000042300
    1    6   6.0000     2.955992222     7.321755409     0.000072355     1.000000000     1.000000000      0.006746559      0.000675178      3.839205206      0.620355771     12.548411778   1610.896554376   1590.261894521      0.000000000      0.000024730      0.002292324      0.000196304      1.090722324    322.434731388      0.000103514      0.000091220      0.002004345      0.002156436      0.000000000      0.000000000      0.000500000      0.000000000      0.000000000      0.000000000      0.000000000      0.000000007      0.000000107      0.000000106  22793.003917705      0.000000000      0.000016371      0.000000001      0.000000000      0.000000000      0.000048926
    1    7   7.0000     2.956518173     7.321813583     0.000072524     1.000000000     1.000000000      0.006846193      0.000685143      4.216709821      0.647449777     13.229520303   1614.021453974   1588.838312208      0.000000000      0.000022944      0.002363544      0.000208538      1.088734360    317.234324425      0.000107034      0.000094631      0.002005304      0.002157459      0.000000000      0.000000000      0.000500000      0.000000000      0.000000000      0.000000000      0.000000000      0.000000007      0.000000104      0.000000103  22791.608182845      0.000000000      0.000017247      0.000000001      0.000000000      0.000000000      0.000055370
    1    8   8.0000     2.957020998     7.321873188     0.000072552     1.000000000     1.000000000      0.006945835      0.000695115      4.593830374      0.675134968     13.917515628   1617.317055058   1587.707707824      0.000000000      0.000021024      0.002432885      0.000219380      1.086422480    312.116598457      0.000111215      0.000098680      0.002006306      0.002158654      0.000000000      0.000000000      0.000500001      0.000000000      0.000000000      0.000000000      0.000000000      0.000000007      0.000000102      0.000000100  22790.213208838      0.000000000      0.000018144      0.000000001      0.000000000      0.000000000      0.000061620
    1    9   9.0000     2.957524061     7.321932793     0.000072510     1.000000000     1.000000000      0.007045115      0.000705055      4.970563060      0.703396499     14.613291704   1620.768205088   1586.850529948      0.000000000      0.000019038      0.002499610      0.000229070      1.083789573    307.079850333      0.000116097      0.000103405      0.002007360      0.002160021      0.000000000      0.000000000      0.000500001      0.000000000      0.000000000      0.000000000      0.000000000      0.000000007      0.000000099      0.000000098  22788.817769009      0.000000000      0.000019062      0.000000001      0.000000000      0.000000000      0.000067678
    1   10  10.0000     2.958026886     7.321992397     0.000072524     1.000000000     1.000000000      0.007143641      0.000714922      5.346205993      0.732160617     15.316478442   1624.355019771   1586.245512662      0.000000000      0.000017051      0.002563060      0.000237777      1.080843909    302.130545184      0.000121719      0.000108844      0.002008472      0.002161561      0.000000000      0.000000000      0.000500001      0.000000000      0.000000000      0.000000000      0.000000000      0.000000007      0.000000097      0.000000095  22787.423056998      0.000000000      0.000020001      0.000000001      0.000000000      0.000000000      0.000073547
    1   11  11.0000     2.958484888     7.322071075     0.000072637     1.000000000     1.000000000      0.007241043      0.000724677      5.719856328      0.761334677     16.026274513   1628.056614845   1585.870888751      0.000000000      0.000015115      0.002622694      0.000245622      1.077597446    297.277177908      0.000128124      0.000115035      0.002009650      0.002163272      0.000000000      0.000000000      0.000500001      0.000000000      0.000000000      0.000000000      0.000000000      0.000000007      0.000000095      0.000000093  22786.031031308      0.000000000      0.000020959      0.000000001      0.000000000      0.000000000      0.000079234
    1   12  12.0000     2.958911180     7.322163582     0.000072723     1.000000000     1.000000000      0.007337201      0.000734309      6.091313092      0.790880160     16.743140224   1631.859904674   1585.705111032      0.000000000      0.000013269      0.002678201      0.000252706      1.074058009    292.518939547      0.000135372      0.000122034      0.002010902      0.002165155      0.000000000      0.000000000      0.000500001      0.000000000      0.000000000      0.000000000      0.000000000      0.000000007      0.000000093      0.000000091  22784.641130957      0.000000000      0.000021935      0.000000001      0.000000000      0.000000000      0.000084759
    1   13  13.0000     2.959337234     7.322256088     0.000072751     1.000000000     1.000000000      0.007432079      0.000743813      6.460563507      0.820775683     17.467867423   1635.754911659   1585.728675604      0.000000000      0.000011539      0.002729374      0.000259112      1.070232350    287.852797153      0.000143534      0.000129910      0.002012236      0.002167213      0.000000000      0.000000000      0.000500001      0.000000000      0.000000000      0.000000000      0.000000000      0.000000007      0.000000090      0.000000089  22783.252178765      0.000000000      0.000022930      0.000000001      0.000000000      0.000000000      0.000090149
    1   14  14.0000     2.959763288     7.322348595     0.000072708     1.000000000     1.000000000      0.007525675      0.000753189      6.827703949      0.851011299     18.201450997   1639.733954011   1585.924209647      0.000000000      0.000009944      0.002776076      0.000264906      1.066126484    283.274574513      0.000152699      0.000138744      0.002013665      0.002169449      0.000000000      0.000000000      0.000500001      0.000000000      0.000000000      0.000000000      0.000000000      0.000000007      0.000000088      0.000000087  22781.862651875      0.000000000      0.000023945      0.000000001      0.000000000      0.000000000      0.000095436
    1   15  15.0000     2.960192919     7.322448254     0.000072765     1.000000000     1.000000000      0.007617783      0.000762417      7.192001288      0.881510143     18.943201733   1643.781194954   1586.275424802      0.000000000      0.000008495      0.002818117      0.000270133      1.061756588    278.790522691      0.000162944      0.000148609      0.002015199      0.002171862      0.000000000      0.000000000      0.000500001      0.000000000      0.000000000      0.000000000      0.000000000      0.000000007      0.000000087      0.000000085  22780.474228305      0.000000000      0.000024977      0.000000001      0.000000000      0.000000000      0.000100647
    1   16  16.0000     2.960649967     7.322607994     0.000073141     1.000000000     1.000000000      0.007707951      0.000771451      7.551698491      0.912107203     19.690214962   1647.869480831   1586.765283176      0.000000000      0.000007204      0.002855259      0.000274816      1.057154140    274.419128569      0.000174325      0.000159554      0.002016844      0.002174443      0.000000000      0.000000000      0.000500001      0.000000000      0.000000000      0.000000000      0.000000000      0.000000008      0.000000085      0.000000083  22779.092615900      0.000000000      0.000026022      0.000000001      0.000000000      0.000000000      0.000105792
    1   17  17.0000     2.961106777     7.322767735     0.000073097     1.000000000     1.000000000      0.007796646      0.000780337      7.908731977      0.942951395     20.447185233   1652.014105807   1587.382659578      0.000000000      0.000006060      0.002887688      0.000279003      1.052304980    270.133888925      0.000187023      0.000171749      0.002018618      0.002177210      0.000000000      0.000000000      0.000500001      0.000000000      0.000000000      0.000000000      0.000000000      0.000000008      0.000000083      0.000000081  22777.709418229      0.000000000      0.000027085      0.000000001      0.000000000      0.000000000      0.000110920
    1   18  18.0000     2.961563826     7.322927475     0.000073126     1.000000000     1.000000000      0.007883747      0.000789065      8.262641682      0.973990783     21.213874375   1656.204117607   1588.114824389      0.000000000      0.000005059      0.002915354      0.000282718      1.047225191    265.937686150      0.000201164      0.000185312      0.002020535      0.002180162      0.000000000      0.000000000      0.000500001      0.000000000      0.000000000      0.000000000      0.000000000      0.000000008      0.000000081      0.000000079  22776.325431296      0.000000000      0.000028165      0.000000001      0.000000000      0.000000000      0.000116058
    1   19  19.0000     2.962020874     7.323087215     0.000073125     1.000000000     1.000000000      0.007969287      0.000797637      8.613508708      1.005221270     21.991182392   1660.435420037   1588.951003089      0.000000000      0.000004192      0.002938282      0.000285983      1.041924152    261.826946511      0.000216915      0.000200395      0.002022613      0.002183305      0.000000000      0.000000000      0.000500001      0.000000000      0.000000000      0.000000000      0.000000000      0.000000008      0.000000080      0.000000078  22774.939376534      0.000000000      0.000029261      0.000000001      0.000000000      0.000000000      0.000121241
    1   20  20.0000     2.962531328     7.323317528     0.000073536     1.000000000     1.000000000      0.008052831      0.000806009      8.959366837      1.036455445     22.775379994   1664.679404572   1589.876019459      0.000000000      0.000003451      0.002956400      0.000288801      1.036443974    257.821896425      0.000234362      0.000217077      0.002024863      0.002186627      0.000000000      0.000000000      0.000500001      0.000000000      0.000000000      0.000000000      0.000000000      0.000000008      0.000000078      0.000000076  22773.558151986      0.000000000      0.000030369      0.000000001      0.000000000      0.000000000      0.000126479
    1   21  21.0000     2.963084698     7.323603630     0.000073894     1.000000000     1.000000000      0.008134480      0.000814191      9.300514323      1.067706718     23.567662052   1668.935002735   1590.880696258      0.000000000      0.000002825      0.002969817      0.000291188      1.030794031    253.916106958      0.000253705      0.000235540      0.002027303      0.002190132      0.000000000      0.000000000      0.000500001      0.000000000      0.000000000      0.000000000      0.000000000      0.000000008      0.000000077      0.000000074  22772.179799919      0.000000000      0.000031487      0.000000001      0.000000000      0.000000000      0.000131794
    1   22  22.0000     2.963638067     7.323890209     0.000073893     1.000000000     1.000000000      0.008214658      0.000822227      9.638613275      1.099117110     24.372485494   1673.219052592   1591.961355098      0.000000000      0.000002296      0.002978686      0.000293162      1.024960008    250.087863497      0.000275258      0.000256076      0.002029960      0.002193843      0.000000000      0.000000000      0.000500002      0.000000000      0.000000000      0.000000000      0.000000000      0.000000008      0.000000076      0.000000073  22770.796780995      0.000000000      0.000032622      0.000000001      0.000000000      0.000000000      0.000137235
    1   23  23.0000     2.964191437     7.324176788     0.000073938     1.000000000     1.000000000      0.008293375      0.000830118      9.973397295      1.130653967     25.189867575   1677.524903203   1593.109632276      0.000000000      0.000001853      0.002983085      0.000294734      1.018959297    246.337671241      0.000299255      0.000278900      0.002032865      0.002197763      0.000000000      0.000000000      0.000500002      0.000000000      0.000000000      0.000000000      0.000000000      0.000000008      0.000000074      0.000000072  22769.409317150      0.000000000      0.000033772      0.000000001      0.000000000      0.000000000      0.000142834
    1   24  24.0000     2.964744806     7.324463367     0.000073878     1.000000000     1.000000000      0.008370837      0.000837884     10.305188640      1.162340367     26.021232463   1681.853749577   1594.319775637      0.000000000      0.000001485      0.002983122      0.000295916      1.012799351    242.659411393      0.000326004      0.000304290      0.002036064      0.002201902      0.000000000      0.000000000      0.000500002      0.000000000      0.000000000      0.000000000      0.000000000      0.000000008      0.000000073      0.000000070  22768.015216733      0.000000000      0.000034938      0.000000001      0.000000000      0.000000000      0.000148645
    1   25  25.0000     2.965770245     7.325204849     0.000076888     1.000000000     1.000000000      0.008444151      0.000845229     10.620591553      1.192873477     26.832771690   1686.025832065   1595.534055119      0.000000000      0.000001192      0.002979079      0.000296692      1.006750380    239.197656035      0.000354607      0.000331387      0.002039494      0.002206088      0.000000000      0.000000000      0.000500002      0.000000000      0.000000000      0.000000000      0.000000000      0.000000009      0.000000072      0.000000069  22766.670704471      0.000000000      0.000036072      0.000000001      0.000000000      0.000000000      0.000154495
    1   26  26.0000     2.966808796     7.325958729     0.000077007     1.000000000     1.000000000      0.008516024      0.000852430     10.931755425      1.223405639     27.655376919   1690.197152064   1596.791180139      0.000000000      0.000000952      0.002971096      0.000297098      1.000601158    235.815215372      0.000386348      0.000361395      0.002043228      0.002210478      0.000000000      0.000000000      0.000500002      0.000000000      0.000000000      0.000000000      0.000000000      0.000000009      0.000000071      0.000000068  22765.324060727      0.000000000      0.000037214      0.000000001      0.000000000      0.000000000      0.000160517
    1   27  27.0000     2.967847109     7.326712608     0.000076956     1.000000000     1.000000000      0.008586461      0.000859487     11.238935526      1.253955878     28.490231597   1694.369056660   1598.087297371      0.000000000      0.000000757      0.002959306      0.000297142      0.994360468    232.506944925      0.000421601      0.000394651      0.002047299      0.002215081      0.000000000      0.000000000      0.000500002      0.000000000      0.000000000      0.000000000      0.000000000      0.000000009      0.000000070      0.000000067  22763.973451389      0.000000000      0.000038365      0.000000001      0.000000000      0.000000000      0.000166733
    1   28  28.0000     2.968885660     7.327466488     0.000076989     1.000000000     1.000000000      0.008655263      0.000866381     11.541339239      1.284440391     29.335708775   1698.529006664   1599.414727001      0.000000000      0.000000599      0.002943883      0.000296837      0.988058050    229.279073590      0.000460661      0.000431419      0.002051730      0.002219892      0.000000000      0.000000000      0.000500002      0.000000000      0.000000000      0.000000000      0.000000000      0.000000009      0.000000069      0.000000065  22762.621609840      0.000000000      0.000039521      0.000000001      0.000000000      0.000000000      0.000173142
    1   29  29.0000     2.969841242     7.328090191     0.000076072     1.000000000     1.000000000      0.008723164      0.000873187     11.842280141      1.315193434     30.201868023   1702.721621745   1600.784682984      0.000000000      0.000000471      0.002924768      0.000296185      0.981636745    226.094264056      0.000504433      0.000472531      0.002056585      0.002224973      0.000000000      0.000000000      0.000500002      0.000000000      0.000000000      0.000000000      0.000000000      0.000000009      0.000000068      0.000000064  22761.252711277      0.000000000      0.000040694      0.000000001      0.000000000      0.000000000      0.000179814
    1   30  30.0000     2.970673084     7.328519344     0.000074779     1.000000000     1.000000000      0.008790451      0.000879933     12.142907037      1.346340317     31.093258308   1706.963028017   1602.200219443      0.000000000      0.000000367      0.002901942      0.000295185      0.975081604    222.938824153      0.000553703      0.000518700      0.002061949      0.002230360      0.000000000      0.000000000      0.000500002      0.000000000      0.000000000      0.000000000      0.000000000      0.000000009      0.000000067      0.000000063  22759.860076785      0.000000000      0.000041889      0.000000001      0.000000000      0.000000000      0.000186819
    1   31  31.0000     2.971504927     7.328948498     0.000074810     1.000000000     1.000000000      0.008856009      0.000886505     12.437706421      1.377312494     31.994444158   1711.175007678   1603.632857003      0.000000000      0.000000285      0.002875934      0.000293857      0.968524476    219.868697658      0.000608174      0.000569624      0.002067833      0.002235965      0.000000000      0.000000000      0.000500002      0.000000000      0.000000000      0.000000000      0.000000000      0.000000009      0.000000066      0.000000062  22758.468095407      0.000000000      0.000043085      0.000000001      0.000000000      0.000000000      0.000194105
    1   32  32.0000     2.972336769     7.329377174     0.000074778     1.000000000     1.000000000      0.008919969      0.000892917     12.726881814      1.408126572     32.906457881   1715.359238926   1605.080602223      0.000000000      0.000000220      0.002846919      0.000292215      0.961974698    216.879420766      0.000668422      0.000625814      0.002074289      0.002241798      0.000000000      0.000000000      0.000500002      0.000000000      0.000000000      0.000000000      0.000000000      0.000000009      0.000000065      0.000000061  22757.075135501      0.000000000      0.000044283      0.000000001      0.000000000      0.000000000      0.000201683
    1   33  33.0000     2.973168612     7.329806328     0.000074809     1.000000000     1.000000000      0.008982339      0.000899169     13.010278092      1.438760758     33.829143956   1719.512309658   1606.539985628      0.000000000      0.000000170      0.002815110      0.000290276      0.955449430    213.970281531      0.000734974      0.000687736      0.002081356      0.002247863      0.000000000      0.000000000      0.000500002      0.000000000      0.000000000      0.000000000      0.000000000      0.000000010      0.000000064      0.000000060  22755.681347082      0.000000000      0.000045479      0.000000001      0.000000000      0.000000000      0.000209554
    1   34  34.0000     2.973624706     7.330049038     0.000073608     1.000000000     1.000000000      0.009044158      0.000905372     13.292731433      1.469738831     34.778961490   1723.704784056   1608.034091053      0.000000000      0.000000130      0.002780118      0.000288023      0.948849132    211.089654224      0.000809666      0.000757065      0.002089181      0.002254272      0.000000000      0.000000000      0.000500002      0.000000000      0.000000000      0.000000000      0.000000000      0.000000010      0.000000063      0.000000060  22754.261967475      0.000000000      0.000046693      0.000000001      0.000000000      0.000000000      0.000217841
    1   35  35.0000     2.974016905     7.330260277     0.000073430     1.000000000     1.000000000      0.009104857      0.000911463     13.570528745      1.500654768     35.744123756   1727.881355939   1609.541717280      0.000000000      0.000000099      0.002742550      0.000285482      0.942271721    208.273457374      0.000892263      0.000833549      0.002097809      0.002260951      0.000000000      0.000000000      0.000500002      0.000000000      0.000000000      0.000000000      0.000000000      0.000000010      0.000000063      0.000000059  22752.834686139      0.000000000      0.000047912      0.000000001      0.000000000      0.000000000      0.000226512
    1   36  36.0000     2.974408865     7.330471039     0.000073430     1.000000000     1.000000000      0.009164587      0.000917458     13.843235019      1.531452635     36.723177011   1732.034344968   1611.058456604      0.000000000      0.000000075      0.002702675      0.000282670      0.935739682    205.523895853      0.000983231      0.000917584      0.002107319      0.002267894      0.000000000      0.000000000      0.000500002      0.000000000      0.000000000      0.000000000      0.000000000      0.000000010      0.000000062      0.000000058  22751.401417280      0.000000000      0.000049131      0.000000001      0.000000000      0.000000000      0.000235583
    1   37  37.0000     2.974800825     7.330682278     0.000073415     1.000000000     1.000000000      0.009223622      0.000923383     14.111101720      1.562150406     37.716826610   1736.166181880   1612.583688671      0.000000000      0.000000057      0.002660678      0.000279599      0.929258716    202.836263180      0.001083187      0.001009709      0.002117816      0.002275106      0.000000000      0.000000000      0.000500002      0.000000000      0.000000000      0.000000000      0.000000000      0.000000010      0.000000061      0.000000057  22749.960786716      0.000000000      0.000050351      0.000000001      0.000000000      0.000000000      0.000245088
    1   38  38.0000     2.975305319     7.330986023     0.000073996     1.000000000     1.000000000      0.009281742      0.000929216     14.372103711      1.592499738     38.716888947   1740.243618541   1614.103653658      0.000000000      0.000000043      0.002617123      0.000276303      0.922889219    200.228700395      0.001191762      0.001109551      0.002129351      0.002282527      0.000000000      0.000000000      0.000500002      0.000000000      0.000000000      0.000000000      0.000000000      0.000000010      0.000000060      0.000000056  22748.524133461      0.000000000      0.000051563      0.000000001      0.000000000      0.000000000      0.000254999
    1   39  39.0000     2.975996494     7.331444740     0.000075043     1.000000000     1.000000000      0.009338754      0.000934935     14.624719598      1.622298775     39.716166533   1744.239920971   1615.606836325      0.000000000      0.000000033      0.002572545      0.000272827      0.916679443    197.714217760      0.001308455      0.001216620      0.002141930      0.002290098      0.000000000      0.000000000      0.000500002      0.000000000      0.000000000      0.000000000      0.000000000      0.000000010      0.000000060      0.000000056  22747.101020413      0.000000000      0.000052759      0.000000001      0.000000000      0.000000000      0.000265260
    1   40  40.0000     2.976687670     7.331903458     0.000074933     1.000000000     1.000000000      0.009395538      0.000940632     14.872736538      1.651970871     40.728325074   1748.212271473   1617.113451080      0.000000000      0.000000025      0.002526537      0.000269155      0.910545871    195.253182270      0.001435154      0.001332614      0.002155725      0.002297918      0.000000000      0.000000000      0.000500003      0.000000000      0.000000000      0.000000000      0.000000000      0.000000010      0.000000059      0.000000055  22745.671269203      0.000000000      0.000053954      0.000000001      0.000000000      0.000000000      0.000275986
    1   41  41.0000     2.977378845     7.332361698     0.000074948     1.000000000     1.000000000      0.009451980      0.000946295     15.115337999      1.681398078     41.748904113   1752.145276267   1618.616623708      0.000000000      0.000000018      0.002479462      0.000265309      0.904516569    192.851992743      0.001571661      0.001457316      0.002170831      0.002305950      0.000000000      0.000000000      0.000500003      0.000000000      0.000000000      0.000000000      0.000000000      0.000000011      0.000000059      0.000000054  22744.240565024      0.000000000      0.000055145      0.000000001      0.000000000      0.000000000      0.000287197
    1   42  42.0000     2.978070259     7.332822323     0.000075042     1.000000000     1.000000000      0.009507988      0.000951917     15.351720900      1.710459199     42.773098056   1756.023229847   1620.109356805      0.000000000      0.000000014      0.002431697      0.000261308      0.898618243    190.516983004      0.001717659      0.001590389      0.002187352      0.002314151      0.000000000      0.000000000      0.000500003      0.000000000      0.000000000      0.000000000      0.000000000      0.000000011      0.000000058      0.000000054  22742.814949582      0.000000000      0.000056328      0.000000001      0.000000000      0.000000000      0.000298919
    1   43  43.0000     2.978781700     7.333429337     0.000075955     1.000000000     1.000000000      0.009562929      0.000957433     15.578756782      1.738740202     43.785472014   1759.791504925   1621.569605569      0.000000000      0.000000010      0.002384113      0.000257215      0.892934570    188.277500366      0.001871222      0.001730025      0.002205239      0.002322391      0.000000000      0.000000000      0.000500003      0.000000000      0.000000000      0.000000000      0.000000000      0.000000011      0.000000058      0.000000053  22741.415085794      0.000000000      0.000057486      0.000000001      0.000000000      0.000000000      0.000311056
    1   44  44.0000     2.979493141     7.334036350     0.000075987     1.000000000     1.000000000      0.009617435      0.000962908     15.798513382      1.766470864     44.793492095   1763.481365375   1623.008631269      0.000000000      0.000000008      0.002336524      0.000253029      0.887417851    186.111691931      0.002033943      0.001877592      0.002224636      0.002330725      0.000000000      0.000000000      0.000500003      0.000000000      0.000000000      0.000000000      0.000000000      0.000000011      0.000000057      0.000000053  22740.029886897      0.000000000      0.000058628      0.000000001      0.000000000      0.000000000      0.000323692
    1   45  45.0000     2.980204344     7.334643364     0.000075971     1.000000000     1.000000000      0.009671637      0.000968359     16.010576050      1.793579721     45.794221982   1767.083901926   1624.422437855      0.000000000      0.000000006      0.002289235      0.000248777      0.882080778    184.022230141      0.002206312      0.002033411      0.002245610      0.002339127      0.000000000      0.000000000      0.000500003      0.000000000      0.000000000      0.000000000      0.000000000      0.000000011      0.000000057      0.000000052  22738.662840541      0.000000000      0.000059750      0.000000001      0.000000000      0.000000000      0.000336835
    1   46  46.0000     2.980915785     7.335250378     0.000075955     1.000000000     1.000000000      0.009725853      0.000973822     16.214703586      1.820024934     46.786221497   1770.594155795   1625.808871789      0.000000000      0.000000004      0.002242521      0.000244490      0.876930105    182.009994103      0.002389701      0.002198535      0.002268196      0.002347587      0.000000000      0.000000000      0.000500003      0.000000000      0.000000000      0.000000000      0.000000000      0.000000011      0.000000056      0.000000052  22737.315549583      0.000000000      0.000060848      0.000000001      0.000000000      0.000000000      0.000350466
    1   47  47.0000     2.981401443     7.335643768     0.000074574     1.000000000     1.000000000      0.009781755      0.000979477     16.414800900      1.846319820     47.789795351   1774.080793859   1627.195420661      0.000000000      0.000000003      0.002195699      0.000240129      0.871866240    180.034762727      0.002590684      0.002378594      0.002292787      0.002356286      0.000000000      0.000000000      0.000500003      0.000000000      0.000000000      0.000000000      0.000000000      0.000000011      0.000000056      0.000000051  22735.960457890      0.000000000      0.000061943      0.000000001      0.000000000      0.000000000      0.000364794
    1   48  48.0000     2.981826067     7.335979462     0.000074146     1.000000000     1.000000000      0.009840060      0.000985404     16.609309313      1.872283612     48.799993107   1777.520381415   1628.573661472      0.000000000      0.000000002      0.002149345      0.000235736      0.866926163    178.109847847      0.002812391      0.002575994      0.002319497      0.002365199      0.000000000      0.000000000      0.000500003      0.000000000      0.000000000      0.000000000      0.000000000      0.000000012      0.000000056      0.000000051  22734.604582370      0.000000000      0.000063022      0.000000001      0.000000000      0.000000000      0.000379747
    1   49  49.0000     2.982250929     7.336315632     0.000074252     1.000000000     1.000000000      0.009902392      0.000991780     16.798735937      1.898012178     49.822777682   1780.926253348   1629.950028677      0.000000000      0.000000002      0.002103590      0.000231347      0.862094706    176.227975449      0.003060908      0.002795699      0.002348468      0.002374398      0.000000000      0.000000000      0.000500003      0.000000000      0.000000000      0.000000000      0.000000000      0.000000012      0.000000055      0.000000051  22733.240295660      0.000000000      0.000064085      0.000000001      0.000000000      0.000000000      0.000395240
    1   50  50.0000     2.982675791     7.336651325     0.000074160     1.000000000     1.000000000      0.009971455      0.000998894     16.986044281      1.923936689     50.877560685   1784.356182667   1631.349026137      0.000000000      0.000000001      0.002057975      0.000226961      0.857295611    174.357462492      0.003345944      0.003045813      0.002380045      0.002384075      0.000000000      0.000000000      0.000500003      0.000000000      0.000000000      0.000000000      0.000000000      0.000000012      0.000000055      0.000000051  22731.842061503      0.000000000      0.000065146      0.000000001      0.000000000      0.000000000      0.000411258
    1   51  51.0000     2.983230591     7.336958885     0.000074039     1.000000000     1.000000000      0.010050093      0.001007050     17.173575085      1.950400161     51.980066762   1787.856304942   1632.790403437      0.000000000      0.000000001      0.002012150      0.000222578      0.852471498    172.472998703      0.003676210      0.003333527      0.002414642      0.002394388      0.000000000      0.000000000      0.000500003      0.000000000      0.000000000      0.000000000      0.000000000      0.000000012      0.000000055      0.000000051  22730.389205347      0.000000000      0.000066216      0.000000001      0.000000000      0.000000000      0.000427744
    1   52  52.0000     2.983842373     7.337254524     0.000073949     1.000000000     1.000000000      0.010140866      0.001016524     17.362279200      1.977532957     53.136323640   1791.444671660   1634.281941126      0.000000000      0.000000001      0.001966038      0.000218199      0.847605223    170.563767008      0.004056599      0.003662712      0.002452743      0.002405399      0.000000000      0.000000000      0.000500003      0.000000000      0.000000000      0.000000000      0.000000000      0.000000012      0.000000054      0.000000051  22728.873573032      0.000000000      0.000067303      0.000000001      0.000000000      0.000000000      0.000444595
    1   53  53.0000     2.984454155     7.337549686     0.000073918     1.000000000     1.000000000      0.010245914      0.001027543     17.550753470      2.005103054     54.335710003   1795.091442979   1635.810906286      0.000000000      0.000000001      0.001920060      0.000213837      0.842744991    168.643507555      0.004485157      0.004031328      0.002494902      0.002416999      0.000000000      0.000000000      0.000500003      0.000000000      0.000000000      0.000000000      0.000000000      0.000000012      0.000000054      0.000000052  22727.308476029      0.000000000      0.000068400      0.000000001      0.000000000      0.000000000      0.000461636
    1   54  54.0000     2.985065937     7.337845325     0.000073918     1.000000000     1.000000000      0.010367549      0.001040301     17.734926333      2.032466386     55.548590409   1798.712298505   1637.341168371      0.000000000      0.000000000      0.001875232      0.000209523      0.838011013    166.753841918      0.004951944      0.004430458      0.002541860      0.002428891      0.000000000      0.000000000      0.000500003      0.000000000      0.000000000      0.000000000      0.000000000      0.000000012      0.000000054      0.000000053  22725.731727700      0.000000000      0.000069491      0.000000001      0.000000000      0.000000000      0.000478584
    1   55  55.0000     2.998896837     7.347369671     0.000099614     1.000000000     1.000000000      0.010473266      0.001051186     17.863794129      2.051895464     56.425329275   1801.285002212   1638.436939209      0.000000000      0.000000000      0.001843958      0.000206401      0.834721995    165.421786380      0.005314519      0.004738523      0.002581328      0.002437595      0.000000000      0.000000000      0.000500003      0.000000000      0.000000000      0.000000000      0.000000000      0.000000013      0.000000054      0.000000055  22724.595684885      0.000000000      0.000070270      0.000000001      0.000000000      0.000000000      0.000490758
    1   56  56.0000     3.013430119     7.357384682     0.000092894     1.000000000     1.000000000      0.010599845      0.001064194     17.989546646      2.071151981     57.311076270   1803.837396374   1639.533300232      0.000000000      0.000000000      0.001813739      0.000203902      0.831556090    164.110802489      0.005709721      0.005071939      0.002615083      0.002446502      0.000000000      0.000000000      0.000500003      0.000000000      0.000000000      0.000000000      0.000000000      0.000000013      0.000000053      0.000000058  22723.451647255      0.000000000      0.000071033      0.000000001      0.000000000      0.000000000      0.000500134
    1   57  57.0000     3.118732452     7.441518784     0.000020439     1.000000000     1.000000000      0.011237972      0.001129071     18.486812377      2.148713916     60.960829760   1814.133518670   1644.001387402      0.000000000      0.000000000      0.001695865      0.000198499      0.819325573    158.870037320      0.007487861      0.006559265      0.002677705      0.002483742      0.000000000      0.000000000      0.000500003      0.000000000      0.000000000      0.000000000      0.000000000      0.000000013      0.000000053      0.000000078  22718.753997308      0.000000000      0.000074053      0.000000001      0.000000000      0.000000000      0.000517306
    1   58  58.0000     3.402219296     7.683023930     0.000011793     1.000000000     1.000000000      0.012433194      0.001247703     19.129814900      2.251626900     65.977907943   1827.849605480   1650.052149214      0.000000000      0.000000000      0.001537397      0.000191028      0.804724892    151.964208713      0.010325072      0.008890047      0.002769268      0.002536001      0.000000000      0.000000000      0.000500003      0.000000000      0.000000000      0.000000000      0.000000000      0.000000014      0.000000052      0.000000159  22712.322077030      0.000000000      0.000078722      0.000000001      0.000000000      0.000000000      0.000538566
    1   59  59.0000     3.608525515     7.885035992     0.000012960     1.000000000     1.000000000      0.013447537      0.001348382     19.590975323      2.328127844     69.917834752   1838.134923681   1654.709970190      0.000000000      0.000000000      0.001415259      0.000182696      0.796813701    146.853655558      0.013109412      0.011110124      0.002887869      0.002578203      0.000000000      0.000000000      0.000500003      0.000000000      0.000000000      0.000000000      0.000000000      0.000000014      0.000000052      0.000000391  22707.292160646      0.000000000      0.000083173      0.000000001      0.000000000      0.000000000      0.000563165
    1   60  60.0000     3.684903860     7.979577065     0.000019289     1.000000000     1.000000000      0.014088581      0.001413002     19.890086016      2.379409046     72.710854584   1845.108205716   1657.954041548      0.000000000      0.000000000      0.001332086      0.000174900      0.794086521    143.425291081      0.015533572      0.012986827      0.003022524      0.002608862      0.000000000      0.000000000      0.000500003      0.000000000      0.000000000      0.000000000      0.000000000      0.000000015      0.000000051      0.000000873  22703.735968804      0.000000000      0.000086753      0.000000001      0.000000000      0.000000000      0.000588170
    1   61  61.0000     3.744051456     8.056753159     0.000021528     1.000000000     1.000000000      0.014711511      0.001475879     20.170019443      2.428614666     75.520308847   1851.876512238   1661.174165191      0.000000000      0.000000000      0.001252512      0.000167309      0.793785695    140.120274893      0.018393395      0.015146671      0.003179084      0.002640259      0.000000000      0.000000000      0.000500003      0.000000000      0.000000000      0.000000000      0.000000000      0.000000015      0.000000051      0.000001987  22700.163241049      0.000000000      0.000090566      0.000000001      0.000000000      0.000000000      0.000614477
    1   62  62.0000     3.794721842     8.125089645     0.000023018     1.000000000     1.000000000      0.015385272      0.001543995     20.443948141      2.477727726     78.447396361   1858.713902076   1664.492726626      0.000000000      0.000000000      0.001172641      0.000159899      0.795769858    136.796565081      0.021810821      0.017667353      0.003361959      0.002673440      0.000000000      0.000000000      0.000500003      0.000000000      0.000000000      0.000000000      0.000000000      0.000000016      0.000000051      0.000004466  22696.442249620      0.000000000      0.000094835      0.000000001      0.000000000      0.000000000      0.000641927
    1   63  63.0000     3.842194080     8.186841011     0.000024371     1.000000000     1.000000000      0.016139514      0.001620388     20.706917591      2.525721118     81.435249536   1865.486815739   1667.845759811      0.000000000      0.000000000      0.001093504      0.000152731      0.800161087    133.515500453      0.025786985      0.020528097      0.003573860      0.002707744      0.000000000      0.000000000      0.000500003      0.000000000      0.000000000      0.000000000      0.000000000      0.000000016      0.000000051      0.000009808  22692.643308777      0.000000000      0.000099585      0.000000001      0.000000000      0.000000000      0.000670098
    1   64  64.0000     3.890047312     8.247578621     0.000024622     1.000000000     1.000000000      0.017033972      0.001711263     20.962531028      2.573184103     84.532902746   1872.292791747   1671.286418683      0.000000000      0.000000000      0.001013695      0.000145687      0.807354031    130.228011135      0.030487950      0.023818825      0.003821803      0.002743742      0.000000000      0.000000000      0.000500004      0.000000000      0.000000000      0.000000000      0.000000000      0.000000017      0.000000051      0.000021564  22688.702269420      0.000000000      0.000104994      0.000000001      0.000000000      0.000000000      0.000699475
    1   65  65.0000     3.939984798     8.305012703     0.000025453     1.000000000     1.000000000      0.018091282      0.001819172     21.197969667      2.617669288     87.593973482   1878.796125536   1674.650100516      0.000000000      0.000000000      0.000936900      0.000138821      0.817374517    127.094899387      0.035808085      0.027428037      0.004108902      0.002779740      0.000000000      0.000000000      0.000500004      0.000000000      0.000000000      0.000000000      0.000000000      0.000000017      0.000000051      0.000046703  22684.803445907      0.000000000      0.000110921      0.000000001      0.000000000      0.000000000      0.000730139
    1   66  66.0000     3.991239548     8.359743118     0.000026207     1.000000000     1.000000000      0.019388917      0.001952629     21.410981617      2.658644768     90.587542609   1884.928329164   1677.902701287      0.000000000      0.000000000      0.000863931      0.000132060      0.830382286    124.147773156      0.041793350      0.031344882      0.004441786      0.002815354      0.000000000      0.000000000      0.000500005      0.000000000      0.000000000      0.000000000      0.000000000      0.000000018      0.000000051      0.000099972  22680.984347293      0.000000000      0.000117363      0.000000001      0.000000000      0.000000000      0.000763070
    1   67  67.0000     4.045082569     8.409158707     0.000027879     1.000000000     1.000000000      0.021010259      0.002121051     21.595155148      2.694737481     93.407189184   1890.483172525   1680.930935858      0.000000000      0.000000000      0.000797303      0.000125352      0.845992325    121.484388799      0.048293467      0.035428082      0.004827240      0.002849270      0.000000000      0.000000000      0.000500009      0.000000000      0.000000000      0.000000000      0.000000000      0.000000018      0.000000051      0.000206815  22677.379210122      0.000000000      0.000124112      0.000000001      0.000000000      0.000000000      0.000799649
    1   68  68.0000     4.094213963     8.452927589     0.000029955     1.000000000     1.000000000      0.023114945      0.002342493     21.751486884      2.725981058     96.033007973   1895.450327021   1683.718708499      0.000000000      0.000000000      0.000737307      0.000118355      0.863909968    119.108474321      0.055259730      0.039610389      0.005292657      0.002881174      0.000000000      0.000000000      0.000500031      0.000000000      0.000000000      0.000000000      0.000000000      0.000000019      0.000000051      0.000410940  22674.012700700      0.000000000      0.000131069      0.000000001      0.000000000      0.000000000      0.000843595
    1   69  69.0000     4.126476765     8.476476669     0.000044507     1.000000000     1.000000000      0.025177611      0.002562231     21.846303463      2.745351442     97.792636144   1898.644571854   1685.566503825      0.000000000      0.000000000      0.000698494      0.000112312      0.878300780    117.584623022      0.060606999      0.042666384      0.005773241      0.002902743      0.000000000      0.000000000      0.000500098      0.000000000      0.000000000      0.000000000      0.000000000      0.000000019      0.000000051      0.000681732  22671.749432593      0.000000000      0.000136206      0.000000001      0.000000000      0.000000000      0.000887371
    1   70  70.0000     4.158739567     8.500026703     0.000044547     1.000000000     1.000000000      0.028178407      0.002885029     21.930027558      2.762935592     99.528811878   1901.666053285   1687.370829178      0.000000000      0.000000000      0.000662075      0.000105736      0.894941676    116.147828317      0.066607487      0.045927665      0.006373017      0.002924194      0.000000000      0.000000000      0.000500330      0.000000000      0.000000000      0.000000000      0.000000000      0.000000019      0.000000052      0.001168514  22669.508295405      0.000000000      0.000141563      0.000000001      0.000000000      0.000000000      0.000942741
    1   71  71.0000     4.177752495     8.515252113     0.000061974     1.000000000     1.000000000      0.031380968      0.003232429     21.981497784      2.774190936    100.746614376   1903.693759981   1688.624273383      0.000000000      0.000000000      0.000637910      0.000099722      0.908440323    115.187907141      0.071382947      0.048385700      0.007050881      0.002939350      0.000000000      0.000000000      0.000500911      0.000000000      0.000000000      0.000000000      0.000000000      0.000000020      0.000000056      0.001784949  22667.929840867      0.000000000      0.000145545      0.000000000      0.000000000      0.000000000      0.000999771
    1   72  72.0000     4.178620815     8.519079208     0.000117317     1.000000000     1.000000000      0.033878324      0.003504995     22.003646407      2.779363825    101.368989695   1904.680744970   1689.259019611      0.000000000      0.000000000      0.000626484      0.000095925      0.916364943    114.723713536      0.074153448      0.049731062      0.007590931      0.002947149      0.000000000      0.000000001      0.000501768      0.000000000      0.000000000      0.000000000      0.000000000      0.000000020      0.000000069      0.002330082  22667.119320908      0.000000000      0.000147643      0.000000000      0.000000000      0.000000000      0.001038677
    1   73  73.0000     4.179489136     8.522906303     0.000117558     1.000000000     1.000000000      0.037405897      0.003891035     22.020400938      2.783739331    101.967826559   1905.579043316   1689.864234251      0.000000000      0.000000000      0.000616645      0.000092479      0.925077646    114.305082140      0.077177797      0.051116213      0.008155979      0.002954708      0.000000000      0.000000007      0.000503420      0.000000000      0.000000000      0.000000000      0.000000000      0.000000020      0.000000121      0.003165660  22666.335252540      0.000000000      0.000149644      0.000000000      0.000000000      0.000000000      0.001076332
    1   74  74.0000     4.181056499     8.528926849     0.000420632     1.000000000     1.000000000      0.038778738      0.004041415     22.023470488      2.784740405    102.129077557   1905.805735675   1690.025792803      0.000000000      0.000000000      0.000614359      0.000091607      0.927751238    114.200855258      0.078102707      0.051515139      0.008327864      0.002956759      0.000000000      0.000000014      0.000504322      0.000000000      0.000000000      0.000000000      0.000000000      0.000000020      0.000000178      0.003512411  22666.122813569      0.000000000      0.000150174      0.000000000      0.000000000      0.000000000      0.001086269
    1   75  75.0000     4.186786175     8.548011780     0.000050337     1.000000000     1.000000000      0.053811465      0.005688638     22.035272192      2.791254053    103.426986659   1907.497648824   1691.314595868      0.000000000      0.000000000      0.000599364      0.000088137      0.952147235    113.436883529      0.086523394      0.054949918      0.008901095      0.002973401      0.000000000      0.000000161      0.000513543      0.000000000      0.000000000      0.000000000      0.000000000      0.000000020      0.000001313      0.007467199  22664.401276668      0.000000000      0.000154206      0.000000000      0.000000000      0.000000000      0.001129957
    1   76  76.0000     4.192515850     8.567095757     0.000050356     1.000000000     1.000000000      0.076056783      0.008117925     22.029298856      2.795985865    104.698347679   1909.010021563   1692.572421006      0.000000000      0.000000000      0.000588155      0.000085054      0.979310232    112.778155465      0.095932194      0.058529316      0.009502945      0.002989837      0.000000000      0.000001374      0.000542754      0.000000000      0.000000000      0.000000000      0.000000000      0.000000020      0.000008927      0.013743874  22662.700615345      0.000000000      0.000158104      0.000000000      0.000000000      0.000000000      0.001172335
    1   77  77.0000     4.197672844     8.584272385     0.000054550     1.000000000     1.000000000      0.108189112      0.011587837     22.002115432      2.798814566    105.873694504   1910.267860621   1693.741746498      0.000000000      0.000000000      0.000581319      0.000082733      1.007705576    112.266529979      0.105847326      0.062010482      0.010051524      0.003005154      0.000000000      0.000010818      0.000623172      0.000000000      0.000000000      0.000000000      0.000000000      0.000000021      0.000057989      0.023507666  22661.112549283      0.000000000      0.000161455      0.000000000      0.000000000      0.000000000      0.001206363
    1   78  77.7500     4.197672844     8.584272385     0.000072519     0.500000000     1.000000000      0.136743371      0.014585731     21.970376026      2.799610901    106.548892153   1910.910904055   1694.426501869      0.000000000      0.000000000      0.000579476      0.000082047      1.025950488    112.036700273      0.112289506      0.064081861      0.010247597      0.003014017      0.000000001      0.000052946      0.000727475      0.000000000      0.000000000      0.000000000      0.000000000      0.000000023      0.000240210      0.032825486  22660.189701263      0.000000000      0.000163052      0.000000000      0.000000000      0.000000000      0.001216672
    1   79  78.1333     4.197672844     8.584272385     0.000005000     0.266666667     1.000000000      0.398730759      0.041355390     21.661865956      2.802854969    111.609297346   1915.439857217   1699.639140239      0.000000000      0.000000000      0.000573386      0.000081288      1.169906390    110.578334624      0.163436739      0.079792481      0.010456028      0.003080667      0.000000011      0.001031559      0.001749693      0.000000000      0.000000000      0.000000000      0.000000000      0.000000073      0.003961933      0.121431645  22653.228498226      0.000000000      0.000173244      0.000000000      0.000000000      0.000000000      0.001228401
    1   80  78.3333     4.197672844     8.584272385     0.000002331     0.133333333     1.000000000      0.776973589      0.075592814     21.215540486      2.808077414    117.326767349   1920.374245200   1705.770338106      0.000000000      0.000000000      0.000570319      0.000080907      1.337762121    109.260262567      0.223701806      0.097246864      0.010586001      0.003156036      0.000000124      0.009778360      0.005672872      0.000000000      0.000000000      0.000000000      0.000000000      0.000000606      0.031143867      0.261985617  22645.293409372      0.000000000      0.000184146      0.000000000      0.000000000      0.000000000      0.001234413
    1   81  78.4333     4.197672844     8.584272385     0.000000996     0.066666667     1.000000000      1.265619561      0.111954780     20.643429084      2.829492385    124.059514990   1926.059849819   1713.371227723      0.000000000      0.000000000      0.000568823      0.000080718      1.538823700    108.055688837      0.296603434      0.117259805      0.010664260      0.003244641      0.000000736      0.062225838      0.016642314      0.000000000      0.000000000      0.000000000      0.000000000      0.000005420      0.166626345      0.473903114  22635.821046661      0.000000000      0.000195655      0.000000000      0.000000000      0.000000000      0.001237427
    1   82  78.4831     4.197672844     8.584272385     0.000000329     0.032833333     1.000000000      1.868941696      0.148160872     19.926750245      2.939331374    134.283136738   1934.541918783   1725.743646560      0.000000000      0.000000000      0.000568096      0.000080626      1.845604038    106.689036649      0.408757375      0.146712322      0.010711109      0.003378281      0.000001433      0.350188002      0.044952983      0.000000000      0.000000000      0.000000000      0.000000000      0.000048458      0.777292058      0.842481263  22621.104160055      0.000000000      0.000209316      0.000000000      0.000000000      0.000000000      0.001238915
    1   83  78.4998     4.197672844     8.584272385     0.000000000     0.000500000     1.000000000     10.927092057      1.543373267      0.488086515     46.260900873   1292.668125310   2865.935307456   3325.850750277      0.076072389      0.000000003     15.513167887    493.884165920     36.047601773     11.212048968     13.014381571      3.337191274    630.292155120      0.018151665    113.227278724    116.268861392   7829.076775849    188.051538667    121.818548526     37.439559603      0.000000446      0.000000000    170.556053645     42.896314835  20896.554414140      0.000000000     24.996204396     14.363243900     52.577710154     40.520964429  20178.418847573
    1   84  78.5003     4.197672844     8.584272385     0.000000000     0.000500000     1.000000000     10.782875645      1.549270427      0.000006000     46.348163531   1268.128922798   2756.713049524   3218.404743654      0.166527322      0.000000000     21.058383794    675.632953364     35.252212535      8.090512350     12.665257226      3.234603692    149.954255928      0.017750180    271.541605279    116.660342883   3273.863741836    440.308882362    295.217055492     86.726708886      0.000000057      0.056639990    168.098370152     42.160305889  19780.981780625      0.000000000     20.046164855     14.574173455     76.488595477    136.396558088  44015.736467512
    1   85  78.5010     4.197672844     8.584272385     0.000000000     0.001000000     1.000000000     11.644828842      1.324551289      0.000000000     50.381489978   1324.166057810   2802.503727877   3300.563364556      0.181829825      0.000000000     20.729891823    712.154081149     36.526432271      5.103912007     13.028332916      3.268048519     79.197426178      0.018473851    301.991899704    126.915551144   2295.745828343    486.260697357    328.624008919     95.615123582      0.000000011      0.671090662    176.399033023     44.013780607  19634.092128207      0.000000000     13.377337026     12.832635405     87.236495332    145.256748354  47946.504685475
    1   86  78.5025     4.197672844     8.584272385     0.000000000     0.002000000     1.000000000     15.532039192      0.000006058      0.000000000     57.121696197   1427.016449476   2904.295290995   3447.992448915      0.210905884      0.000000000     16.188403770    740.970573361     38.356135744      1.723548581     13.468211374      2.932668699     10.308953936      0.019925361    371.120086079    142.008316715    832.864168803    585.271798773    404.657411722    114.778731872      0.000000000      7.676485306    186.960811982     47.180486789  19344.417865040      0.000000000      7.700673329      8.047933110     93.565805570    125.947953073  54960.373210611
    1   87  78.5055     4.197672844     8.584272385     0.000000000     0.004000000     1.000000000     29.951658508      0.000000000      0.000000000     63.738409350   1591.384766538   3139.739112094   3680.556738115      0.260067726      0.000000000      2.439004086    611.474526818     39.292455418      0.148416473     13.443666646      2.090380954      0.053295344      0.022812563    514.716571109    152.340329024    105.850066027    791.342611925    562.776749299    157.117319335      0.000000000     34.718184193    192.713246647     51.768889241  18781.818022968      0.000000000      1.554931092      0.750089570     78.313824256     61.703765653  64828.381502086
    1   88  78.5115     4.197672844     8.584272385     0.000000000     0.008000000     1.000000000     69.124995042      0.000000000      0.000000000     71.237839625   1777.917444867   3623.088541388   4071.542665576      0.313233987      0.000000000      0.136095071    344.658514521     37.243796488      0.003036697     12.960051475      1.049961747      0.000754812      0.028113919    754.632691332    160.253692263      4.787981668   1150.523355538    821.614027698    250.804234684      0.000000000     87.628995540    194.964215077     56.434390746  17715.336066408      0.000000000      0.119267462      0.014103941     47.858617338     39.248841710  66282.510689086
    1   89  78.5205     4.197672844     8.584272385     0.000000000     0.010000000     1.000000000    141.347991191      0.000000000      0.000000000     79.657361433   1807.119686483   4330.157653794   4578.357415647      0.189398835      0.000000000      0.003674251     31.859577818     34.026743571      0.000029945     12.238007996      0.425910392      0.000045341      0.033914639   1034.308806650    170.220994665      0.628135142   1480.504015823   1096.516814213    431.868118301      0.000000000    148.771680677    196.587938035     57.323369813  16215.966672310      0.000000000      0.004929350      0.000099448     19.892741651      0.535426609  45325.449109911
    1   90  78.5305     4.197672844     8.584272385     0.000000000     0.010000000     1.000000000    226.681524481      0.000000000      0.000000000     87.549534194   1766.911596592   5129.874402825   5138.914413265      0.002871447      0.000000000      0.000053079      4.908708615     28.114481721      0.000000206     11.510757781      0.171152390      0.000000718      0.038870773   1274.319311456    180.316522625      0.443531774   1636.065110678   1332.782372887    726.964531690      0.000000000    213.332376865    197.764066482     57.251928616  14630.892162192      0.000000000      0.000253198      0.000000330     10.798711457      0.001899123  33762.956320342
    1   91  78.5405     4.197672844     8.584272385     0.000000000     0.010000000     1.000000000    314.948484115      0.000000000      0.000000000     94.365579021   1730.639183223   5936.484946225   5698.727096459      0.000008366      0.000000000      0.000000197      1.901131993     23.144228065      0.000000001     10.838425109      0.070339727      0.000000006      0.043167766   1456.919126577    188.894691291      0.373256523   1599.548128722   1509.742754311   1127.784064686      0.000000000    276.267717649    198.424276168     56.787863184  13110.326915994      0.000000000      0.000228756      0.000000001      7.049622324      0.000004072  29113.273383328
    1   92  78.5505     4.197672844     8.584272385     0.000000000     0.010000000     1.000000000    405.527273515      0.000000000      0.000000000    100.241031667   1697.597889314   6744.889536962   6254.974138696      0.000000013      0.000000000      0.000000001      1.037839860     19.205871688      0.000000000     10.240692280      0.029100859      0.000000000      0.046964416   1598.129364383    195.900695376      0.319210150   1419.986887121   1622.266079282   1574.235030949      0.000000000    337.957506159    198.631021376     56.093999131  11636.082741310      0.000000000      0.000216924      0.000000000      5.198352307      0.000000007  24990.877396667
    1   93  78.5605     4.197672844     8.584272385     0.000000000     0.010000000     1.000000000    498.081748373      0.000000000      0.000000000    105.276788338   1666.008098160   7552.470306740   6805.991020203      0.000000000      0.000000000      0.000000000      0.658853626     16.141676194      0.000000000      9.722425702      0.012045251      0.000000000      0.050308137   1696.951635782    201.443388401      0.275888670   1172.164051992   1660.501928522   1969.200435065      0.000000000    398.633201395    198.481424149     55.267752698  10194.450020260      0.000000000      0.000195378      0.000000000      4.115045701      0.000000000  20921.146818242
    1   94  78.5705     4.197672844     8.584272385     0.000000000     0.010000000     1.000000000    592.362449869      0.000000000      0.000000000    109.572178835   1636.208121065   8357.958114284   7351.157620565      0.000000000      0.000000000      0.000000000      0.455679317     13.786220990      0.000000000      9.281439837      0.004977609      0.000000000      0.053217611   1736.397794852    205.696551607      0.241336977    918.965105181   1614.134199629   2223.852900381      0.000000000    458.446229620    198.082724032     54.379061092   8775.190808010      0.000000000      0.000175324      0.000000000      3.398357470      0.000000000  17067.915865853
    1   95  78.5805     4.197672844     8.584272385     0.000000000     0.010000000     1.000000000    688.159900045      0.000000000      0.000000000    113.229723194   1608.980198477   9160.986487867   7890.662050603      0.000000000      0.000000000      0.000000000      0.334688460     12.000584426      0.000000000      8.913125705      0.002052625      0.000000000      0.055701184   1691.030446515    208.853423793      0.214212223    698.679192482   1483.732984216   2291.259195440      0.000000000    517.502882215    197.534544888     53.482516839   7370.736720907      0.000000000      0.000158763      0.000000000      2.891606632      0.000000000  13561.420558436
    1   96  78.5905     4.197672844     8.584272385     0.000000000     0.010000000     1.000000000    785.293297873      0.000000000      0.000000000    116.354817912   1585.021130313   9961.881803634   8425.322370509      0.000000000      0.000000000      0.000000000      0.259115567     10.674775770      0.000000000      8.612463682      0.000844856      0.000000000      0.057762586   1547.557994333    211.102921229      0.193454084    526.947644050   1288.175351323   2181.608934655      0.000000000    575.900426722    196.920638532     52.623567897   5975.532154742      0.000000000      0.000147065      0.000000000      2.525338965      0.000000000  10492.223634128
    1   97  78.6005     4.197672844     8.584272385     0.000000000     0.010000000     1.000000000    883.607655518      0.000000000      0.000000000    119.054827864   1564.820313115  10761.530183922   8956.451207059      0.000000000      0.000000000      0.000000000      0.211508419      9.723348138      0.000000000      8.374917301      0.000347545      0.000000000      0.059402721   1322.431990604    212.616283647      0.178186045    403.830821289   1061.949179701   1952.867600172      0.000000000    633.755050199    196.306546162     51.842390317   4585.514901424      0.000000000      0.000140567      0.000000000      2.263753381      0.000000000   7915.973172987
    1   98  78.6105     4.197672844     8.584272385     0.000000000     0.010000000     1.000000000    982.972421721      0.000000000      0.000000000    121.438388801   1548.682283091  11561.276628075   9485.751711030      0.000000000      0.000000000      0.000000000      0.182440401      9.079969072      0.000000000      8.196800985      0.000143852      0.000000000      0.060619881   1058.540358705    213.538358887      0.167663512    321.105614298    842.902495834   1681.547341653      0.000000000    691.216981011    195.739877173     51.176735920   3197.715287474      0.000000000      0.000138171      0.000000000      2.085222956      0.000000000   5861.707952118
    1   99  78.6205     4.197672844     8.584272385     0.000000000     0.010000000     1.000000000   1083.279925059      0.000000000      0.000000000    123.615146474   1536.815146453  12362.844632222  10015.239585260      0.000000000      0.000000001      0.000000000      0.166481563      8.692427366      0.000000000      8.075380085      0.000062192      0.000000000      0.061409245    804.690010855    213.981044169      0.161236361    267.960930968    659.011829057   1431.852109027      0.000000000    748.473551643    195.251209674     50.664296355   1809.951335500      0.000000000      0.000138088      0.000000000      1.974937879      0.000000000   4344.505803970
    1  100  78.6305     4.197672844     8.584272385     0.000000000     0.010000000     1.000000000   1184.443506588      0.000000000      0.000000000    125.696045597   1529.458457682  13168.272264064  10547.187415811      0.000000000      0.010000000      0.000000000      0.246433450      8.518399305      0.000000000      8.008843894      0.000033494      0.000000000      0.061762084    592.496196931    214.018144706      0.158593589    233.629165861    519.446121394   1231.927504939      0.000000000    805.743882033    194.854691413     50.344792393    420.598306421      0.000000000      0.000137142      0.000000000      1.923987223      0.000000000   3381.098893311
